11
49
29
109
35
0
12
39
160
33
144
56
104
157
171
177
123
25
158
116
121
112
19
173
136
105
73
164
54
31
193
117
30
198
151
131
125
90
191
51
98
67
71
178
10
133
44
17
100
63
96
32
102
38
27
16
197
1
24
156
42
196
190
80
46
162
175
78
142
45
5
7
61
79
91
141
77
81
14
50
58
82
87
8
68
111
41
119
159
143
106
124
62
128
110
95
130
22
185
86
194
88
176
180
113
26
103
163
89
165
127
114
137
75
76
48
166
52
179
172
57
66
94
154
47
148
60
23
20
59
28
101
149
4
199
140
183
174
55
34
170
152
53
184
167
189
155
84
70
161
3
15
145
195
126
13
132
169
65
188
6
150
192
85
2
139
182
138
