194
166
52
179
172
57
66
94
154
47
148
60
23
20
59
28
101
149
4
199
140
183
174
95
130
22
185
86
110
128
124
62
18
55
34
170
152
53
184
167
189
155
84
70
161
3
15
145
195
126
13
132
169
65
188
6
150
192
85
2
139
11
182
138
56
104
157
171
25
123
173
136
105
73
164
31
54
193
117
30
198
151
19
112
121
116
98
51
120
67
71
191
125
90
178
10
133
44
17
100
63
96
32
102
38
27
16
197
1
24
156
42
196
190
80
46
162
175
78
142
45
5
177
7
61
79
91
87
82
8
68
111
144
160
33
49
29
39
12
0
109
35
37
41
143
159
119
186
153
81
14
50
58
77
97
146
187
165
137
114
127
89
163
103
26
180
176
88
