171
177
123
25
173
136
105
73
164
54
31
193
117
30
198
151
19
112
131
121
116
98
118
74
182
138
33
160
49
11
139
2
85
134
169
65
188
6
150
192
147
71
67
120
51
125
90
191
178
10
133
44
17
100
63
96
32
102
38
27
16
197
1
24
156
42
196
190
80
46
162
175
78
142
45
5
7
61
79
91
21
87
82
58
77
97
153
186
163
165
127
89
103
26
180
176
88
113
114
137
75
76
194
166
52
172
57
179
185
95
130
22
66
94
154
47
148
60
23
20
59
28
101
149
4
140
199
9
183
174
53
184
155
84
3
70
161
132
13
126
195
145
15
189
167
69
34
55
18
62
110
128
124
106
143
159
119
81
14
41
37
35
109
0
12
29
39
144
111
68
8
56
104
157
