87
58
82
8
68
111
41
14
81
119
106
124
143
159
37
35
109
0
12
29
39
160
33
49
11
138
182
139
2
85
74
118
98
51
120
67
71
191
90
125
131
19
112
121
116
158
25
157
104
56
171
123
177
7
5
45
142
78
175
162
46
80
190
105
136
73
164
193
31
54
151
117
198
30
42
156
24
1
197
16
27
38
102
32
96
63
100
17
44
133
10
178
115
147
192
150
6
188
65
169
132
126
13
145
15
161
70
3
84
155
189
167
184
53
152
170
34
55
18
62
83
174
183
140
199
4
149
101
28
59
20
23
60
148
47
154
94
66
57
172
52
179
22
185
95
181
128
110
86
176
180
88
194
166
48
76
75
137
114
26
103
89
127
165
163
186
153
77
97
141
91
79
61
21
