110
128
124
106
143
159
119
81
14
41
111
37
35
109
0
12
29
39
160
33
49
138
182
11
139
74
118
98
85
2
43
168
195
126
13
145
15
3
70
161
132
169
65
188
6
150
192
147
71
67
120
51
125
90
191
178
10
133
44
17
100
63
96
32
102
38
27
16
197
1
131
121
112
19
151
54
73
164
31
193
117
30
198
24
156
42
196
105
190
80
46
162
175
78
142
45
5
7
61
79
91
87
21
177
123
25
171
157
104
56
8
68
82
58
77
97
153
186
163
165
127
89
103
26
114
137
75
76
180
176
88
194
166
52
179
172
57
66
94
154
47
60
23
148
22
185
95
9
199
59
28
101
149
4
140
183
174
53
184
155
167
189
69
34
55
18
62
