143
106
124
128
62
18
55
34
170
152
53
174
183
9
199
140
4
149
101
28
59
20
23
60
148
47
154
94
66
57
172
52
179
22
185
95
110
86
176
180
88
194
166
48
76
75
137
114
26
103
89
127
165
163
186
153
97
77
58
82
68
144
56
104
8
87
91
79
61
7
177
171
25
123
5
45
142
78
175
162
46
80
190
105
136
73
164
193
31
54
151
117
198
30
42
156
24
1
197
16
27
38
102
32
96
63
100
17
44
133
10
178
191
90
125
131
19
112
121
116
98
51
120
67
71
147
192
150
6
188
65
169
132
161
70
3
84
155
184
167
189
15
145
13
126
195
168
43
134
85
2
139
11
182
138
49
33
160
39
29
12
0
109
35
37
111
41
14
81
119
159
