198
117
193
31
164
73
54
151
19
112
121
116
158
25
123
177
171
87
82
68
8
104
56
144
160
33
49
138
182
11
139
2
85
74
118
98
51
120
67
71
191
90
125
131
135
32
102
63
100
17
44
133
10
178
115
147
192
150
6
188
65
169
132
126
13
145
15
161
70
3
84
155
189
167
184
53
152
170
34
55
18
62
83
174
183
140
199
4
149
101
28
59
20
23
60
148
47
154
94
66
57
172
52
179
22
185
95
181
128
110
86
166
48
76
75
137
114
127
165
89
103
26
113
194
88
176
180
163
129
119
159
143
106
124
69
29
39
12
0
109
35
37
41
111
50
14
81
153
186
97
77
58
91
79
61
7
5
45
142
78
175
162
46
80
190
136
105
196
42
27
38
16
197
1
24
156
30
