74
85
2
139
182
138
11
49
33
160
39
29
12
0
109
35
143
159
119
41
111
68
8
56
104
157
171
87
21
61
79
91
141
97
77
58
82
50
14
81
153
186
163
165
127
89
103
26
180
176
88
113
114
137
75
76
194
166
52
172
179
185
95
130
22
57
66
94
154
47
148
60
23
20
59
28
101
149
4
140
199
9
183
174
181
110
128
124
62
18
55
34
170
152
53
184
167
189
155
84
70
161
3
15
145
195
126
13
132
169
65
188
6
150
192
147
71
67
120
125
90
191
178
10
133
44
17
100
63
96
32
102
38
27
16
197
1
24
156
198
117
30
42
196
190
80
46
162
175
78
142
45
5
7
177
123
25
173
136
105
193
164
73
31
54
151
19
112
121
116
51
98
118
