136
105
190
80
46
162
175
78
142
45
5
7
61
79
91
21
87
82
58
77
81
153
186
119
159
143
129
163
165
127
89
103
26
114
137
75
76
48
166
194
88
180
176
86
185
52
172
57
179
22
130
95
110
128
124
62
18
55
174
183
140
199
9
66
94
154
47
148
60
23
20
59
28
101
149
4
53
184
155
167
189
69
29
39
12
0
109
35
37
41
14
50
111
68
8
56
104
157
171
177
123
25
158
19
112
121
116
98
118
74
85
2
182
138
33
160
49
11
139
168
195
126
13
145
15
3
70
161
132
169
65
188
6
150
192
147
71
67
120
51
125
90
191
178
10
133
44
17
100
63
96
32
102
38
27
16
197
1
24
156
42
30
198
117
151
54
31
193
164
73
