63
102
38
27
16
197
1
24
156
42
196
105
190
80
46
162
175
78
142
45
136
73
164
54
31
193
117
30
198
151
19
112
121
116
98
118
74
85
2
139
182
138
11
49
33
160
39
29
12
0
35
109
69
34
55
18
62
128
124
106
143
159
119
81
14
41
111
68
8
56
104
157
171
25
123
177
7
61
79
91
87
82
58
77
97
153
186
163
165
127
89
103
26
114
137
75
76
48
166
194
88
180
176
86
110
95
185
22
179
52
172
57
66
94
154
47
148
60
23
20
59
28
101
149
4
140
199
9
183
174
170
152
53
184
167
189
155
84
70
161
3
15
145
195
126
13
132
169
65
188
6
150
192
147
71
67
120
51
125
90
191
178
10
133
44
17
100
