63
102
38
27
16
197
1
131
121
116
158
25
112
19
151
54
73
164
31
193
117
30
198
24
156
42
196
105
190
80
46
162
175
78
142
45
5
123
177
7
61
79
91
141
77
81
153
186
119
159
143
124
106
129
163
165
127
89
103
26
114
137
75
76
48
166
194
88
180
176
86
110
128
181
95
185
22
179
52
172
57
66
94
154
47
148
60
23
20
59
28
101
149
4
199
140
183
174
83
62
18
55
34
170
152
53
184
155
167
189
69
29
39
12
0
109
35
37
111
41
14
50
58
87
82
68
8
56
104
171
157
182
138
33
160
49
11
139
74
118
98
85
2
43
168
195
126
13
145
15
3
70
161
132
169
65
188
6
150
192
147
71
67
120
51
125
90
191
178
10
133
44
17
100
