168
43
134
85
2
139
11
49
160
33
138
182
25
123
177
171
157
104
56
8
68
111
41
14
81
119
159
143
35
0
12
39
29
109
69
167
189
145
15
3
161
70
84
155
184
53
152
170
34
55
174
183
140
199
4
149
101
28
59
20
23
60
148
47
154
94
66
57
172
52
179
22
185
95
181
83
18
62
124
128
110
86
176
180
88
194
166
48
76
75
137
114
26
103
89
127
165
163
186
153
97
77
58
82
87
21
91
79
61
7
5
45
142
78
175
162
46
80
190
105
136
73
164
31
54
193
117
198
30
196
42
156
24
1
197
16
27
38
102
32
96
63
100
17
44
133
10
178
191
90
125
131
151
19
112
121
116
98
51
120
67
71
147
192
150
6
188
65
169
132
13
126
195
