41
14
50
68
8
82
58
77
97
141
91
79
61
7
5
45
142
78
175
162
46
80
190
105
136
73
164
54
31
193
117
198
30
42
156
24
1
197
16
27
38
102
32
96
63
100
17
44
133
10
178
90
125
191
71
67
120
51
98
116
121
112
19
151
173
25
123
177
21
87
171
157
104
56
144
160
33
49
11
138
182
139
2
85
192
150
6
188
65
169
132
13
126
195
145
15
3
161
70
84
155
189
167
184
53
152
170
34
55
174
183
9
199
140
4
149
101
28
59
20
23
60
148
47
154
94
66
57
172
179
52
166
48
76
75
137
114
127
89
165
153
186
163
103
26
113
194
88
180
176
64
110
86
185
22
130
95
181
83
18
62
128
124
106
119
159
143
35
109
0
29
39
12
37
111
