130
22
148
23
60
47
154
94
66
57
172
52
179
185
86
110
128
62
124
64
176
180
88
194
166
48
76
75
137
114
26
103
89
127
165
163
186
153
97
77
58
82
87
91
79
61
7
177
123
5
45
142
78
175
162
46
80
190
105
136
193
54
31
164
73
19
112
151
117
198
30
196
42
156
24
1
197
16
27
38
102
32
96
63
100
17
44
133
10
178
115
147
192
150
6
188
65
169
132
161
70
3
15
145
13
126
195
168
43
2
85
74
118
98
51
120
67
71
191
90
125
131
121
116
158
25
182
138
11
49
160
33
157
171
104
56
8
68
111
41
14
81
119
159
143
35
109
0
12
39
29
69
189
167
155
184
53
170
34
55
174
183
140
4
149
101
28
59
199
9
95
