100
17
44
133
10
178
191
90
125
120
67
71
147
192
150
6
85
2
74
118
98
51
116
158
25
123
177
21
87
171
157
104
56
8
68
111
41
37
35
109
0
12
39
29
49
160
33
138
182
11
139
168
195
126
169
188
65
132
13
145
15
3
161
70
84
155
189
167
184
53
152
170
34
55
18
62
128
124
143
159
119
64
86
110
181
174
183
140
199
4
149
101
28
59
20
23
60
148
47
154
94
66
57
22
130
95
185
179
172
52
166
194
88
176
180
76
75
137
114
26
103
89
127
165
163
186
153
81
14
50
82
58
77
97
141
91
79
61
7
5
45
142
78
175
162
46
80
190
105
136
73
164
54
31
193
117
30
198
151
19
112
121
131
1
197
24
156
42
16
27
38
102
32
96
63
