95
86
110
128
124
62
18
55
174
183
140
199
59
28
101
149
4
53
152
170
34
69
189
167
184
155
84
70
161
3
15
145
195
126
13
132
169
65
188
6
150
192
147
71
67
120
125
90
191
178
10
133
44
17
100
63
96
32
102
38
27
16
197
1
24
156
42
30
198
117
151
54
31
193
164
73
136
105
190
80
46
162
175
78
142
45
5
7
61
79
91
141
97
77
81
14
50
58
87
82
68
8
56
104
157
171
177
123
25
158
19
112
121
116
51
98
118
74
85
2
139
11
182
138
49
33
160
39
29
12
0
109
35
37
111
41
143
159
119
153
186
163
165
127
89
103
26
180
176
88
113
114
137
75
76
194
166
52
179
172
57
66
94
154
47
60
23
148
22
