88
194
166
86
185
22
130
95
181
83
18
62
128
124
106
143
159
119
186
153
81
14
50
77
97
141
91
79
61
21
87
58
82
8
68
111
41
37
35
109
0
12
39
29
49
33
160
144
56
104
157
171
177
7
5
45
142
78
175
162
46
80
190
105
136
173
123
25
158
118
74
182
138
11
139
2
85
98
116
121
112
19
151
54
73
164
31
193
117
198
30
196
42
156
24
1
197
16
27
38
102
32
96
63
100
17
44
133
10
178
191
90
125
51
120
67
71
147
192
150
6
188
65
169
132
13
126
195
145
15
3
161
70
84
155
189
167
184
53
152
170
34
55
174
183
140
199
4
149
101
28
59
20
23
60
148
47
154
94
66
57
172
179
52
48
76
75
137
114
127
165
89
163
103
26
180
176
