185
95
181
83
18
62
124
128
110
86
176
180
88
194
166
48
76
75
137
114
26
103
89
127
165
163
186
153
119
159
143
14
50
58
77
97
141
91
79
61
21
87
82
68
8
104
56
144
111
41
37
35
109
0
12
29
39
160
33
49
11
182
138
157
171
25
158
121
112
19
151
54
31
73
164
193
105
136
173
123
177
7
5
45
142
78
175
162
46
80
190
196
42
30
117
198
156
24
1
197
16
27
38
102
32
96
63
100
17
44
133
10
178
115
147
192
150
71
67
120
191
90
125
51
98
118
74
2
85
6
188
65
169
132
13
126
195
145
15
3
161
70
84
155
189
167
184
53
152
170
34
55
174
183
140
199
4
149
101
28
59
20
23
60
148
47
154
94
66
57
172
52
179
22
