52
179
22
185
95
181
83
18
62
128
110
86
176
180
88
194
166
48
76
75
137
114
26
103
89
127
165
163
129
106
124
143
159
119
186
153
97
77
81
14
50
58
82
8
68
111
41
37
35
109
0
12
29
39
160
33
49
11
139
182
138
144
56
104
157
171
25
123
177
21
87
91
79
61
7
5
45
142
78
175
162
46
80
190
105
136
193
117
198
30
196
42
156
24
1
197
16
27
38
102
32
96
63
100
17
44
133
10
178
191
90
125
131
121
112
19
151
54
31
164
73
173
158
116
98
118
74
2
85
51
120
67
71
147
192
150
6
188
65
169
132
13
126
195
145
15
161
70
3
84
155
189
167
184
53
152
170
34
55
174
183
140
199
4
149
101
28
59
20
23
60
148
47
154
94
66
57
172
