49
138
182
11
139
2
85
134
43
168
195
126
13
145
15
3
70
161
132
169
65
188
6
150
192
147
71
67
98
51
125
90
191
178
10
133
44
17
100
63
96
32
102
38
27
16
197
1
24
156
42
196
30
198
117
193
31
54
164
73
136
105
190
80
46
162
175
78
142
45
5
7
177
123
173
151
19
112
121
116
158
25
171
87
82
58
61
79
91
141
77
81
153
186
119
159
143
129
163
165
127
89
103
26
180
176
88
194
114
137
75
76
48
166
52
172
179
185
95
130
22
57
66
94
154
47
148
60
23
20
59
28
101
149
4
199
140
183
174
181
110
128
124
62
18
55
34
170
152
53
184
155
167
189
69
29
39
12
0
109
35
37
41
14
50
111
68
8
104
56
144
160
33
