59
20
23
60
148
47
94
154
66
57
172
52
179
22
130
95
181
83
18
55
34
170
152
53
184
155
84
3
15
145
13
126
195
168
43
2
85
74
118
98
51
120
67
71
191
90
125
116
121
112
19
151
54
31
164
73
193
117
198
30
156
24
1
197
16
38
27
42
196
80
190
105
136
45
142
78
175
5
7
177
123
25
182
138
11
49
33
160
144
56
104
8
68
111
41
37
35
0
109
12
39
29
69
189
167
70
161
132
169
65
188
6
150
192
147
115
178
10
133
44
17
100
63
96
32
102
131
162
46
61
79
91
141
97
77
58
82
87
171
157
50
14
81
153
186
163
89
127
165
103
26
180
176
88
194
166
86
110
128
124
106
159
143
119
64
185
9
199
140
183
174
4
149
101
28
