169
65
188
6
150
192
147
71
67
120
51
98
118
74
85
2
43
168
195
126
13
132
161
70
3
15
145
189
167
155
184
53
174
183
140
199
9
95
181
83
18
55
62
128
110
86
185
22
179
52
172
57
66
94
154
47
148
60
23
20
59
28
101
149
4
69
109
0
12
39
29
35
37
41
14
50
58
82
87
8
68
111
144
56
104
157
171
177
123
25
158
116
121
112
19
151
54
31
164
73
193
117
198
30
156
24
1
197
16
38
27
42
196
80
190
105
136
45
142
78
175
5
7
61
79
91
141
97
77
81
153
186
163
89
127
165
103
26
180
176
88
194
166
48
76
75
137
119
159
143
106
124
160
33
49
11
139
182
125
90
191
178
10
133
44
17
100
63
96
32
102
131
162
46
