164
31
54
73
193
117
198
30
156
24
1
197
16
38
27
42
196
80
190
105
136
173
19
112
121
116
158
25
123
177
7
5
142
78
175
45
162
46
151
131
135
32
102
63
100
17
44
133
10
178
191
90
125
51
98
118
74
85
2
43
168
195
126
13
132
169
65
188
6
150
192
147
71
67
120
182
138
11
49
33
160
144
56
104
8
68
111
41
37
35
0
109
12
39
29
69
189
167
155
184
53
174
183
140
199
9
95
181
83
18
55
62
128
110
86
185
22
179
52
172
57
66
94
154
47
148
60
23
20
59
28
101
149
4
84
3
15
145
161
70
157
171
87
82
58
50
14
81
77
97
186
153
163
89
127
165
103
26
180
176
88
194
166
48
76
114
106
124
143
159
119
141
91
79
61
