38
16
197
1
24
156
198
30
117
193
31
54
164
73
136
105
190
80
46
162
45
142
78
175
5
7
177
123
25
158
116
121
112
19
151
131
135
32
102
63
100
17
44
133
10
178
191
90
125
51
98
118
74
85
2
43
168
195
126
13
132
169
65
188
6
150
192
147
71
67
120
42
196
61
79
91
141
97
77
58
82
87
8
68
111
41
37
35
0
109
12
39
29
160
33
49
11
139
182
138
157
104
56
144
50
14
81
153
186
163
89
127
165
103
26
180
176
88
194
166
86
110
128
124
106
159
143
119
181
95
130
22
179
52
172
57
66
94
154
47
148
60
23
20
59
28
101
149
4
140
183
174
55
18
62
34
170
152
53
184
155
84
3
15
145
161
70
189
167
69
114
76
48
9
199
