182
138
11
139
168
195
126
13
132
169
65
188
6
150
192
147
71
67
120
51
98
118
74
85
2
49
33
160
144
56
104
8
68
111
41
37
35
0
109
12
39
29
69
189
167
155
184
53
174
183
140
199
9
95
181
83
18
55
62
128
110
86
185
22
179
52
172
57
66
94
154
47
148
60
23
20
59
28
101
149
4
84
3
15
145
161
70
157
171
177
123
25
158
116
121
112
19
151
54
31
164
73
193
117
198
30
156
24
1
197
16
38
27
42
196
80
190
105
136
45
142
78
175
5
7
61
79
91
141
97
77
58
82
87
50
14
81
153
186
163
89
127
165
103
26
180
176
88
194
166
48
76
75
137
119
159
143
106
124
162
46
131
135
32
102
63
100
17
44
133
10
178
191
90
125
