189
167
155
184
53
174
183
140
199
9
95
181
83
18
55
62
128
110
86
185
22
179
52
172
57
66
94
154
47
148
60
23
20
59
28
101
149
4
84
3
15
145
13
126
195
168
43
2
85
74
118
98
51
120
67
71
191
90
125
116
121
112
19
151
54
31
164
73
193
117
198
30
156
24
1
197
16
38
27
42
196
80
190
105
136
45
142
78
175
5
7
177
123
25
182
138
11
49
33
160
144
56
104
8
68
111
41
37
35
0
109
12
39
29
143
159
119
106
124
64
176
180
88
113
26
103
89
127
165
163
186
153
97
77
58
82
87
171
157
50
14
81
141
91
79
61
162
46
131
135
32
102
63
100
17
44
133
10
178
115
147
192
150
6
188
65
169
132
161
70
194
166
48
76
114
