186
153
81
14
50
58
82
87
8
68
111
41
37
35
0
109
12
39
29
160
33
49
11
139
182
138
157
104
56
171
177
123
25
158
116
121
112
19
151
54
31
164
73
193
117
198
30
156
24
1
197
16
38
27
42
196
80
190
105
136
45
142
78
175
5
7
61
79
91
141
97
77
119
159
143
106
124
128
110
86
185
22
130
95
181
83
18
55
34
170
152
53
184
155
84
3
15
145
13
126
195
168
43
2
85
74
118
98
51
120
67
71
191
90
125
131
135
32
102
63
100
17
44
133
10
178
115
147
192
150
6
188
65
169
132
161
70
189
167
69
62
174
183
140
199
59
20
23
60
148
47
94
154
66
57
172
52
179
166
194
88
176
180
26
103
89
127
165
163
114
137
75
76
48
28
101
149
4
162
46
