131
77
116
65
105
166
28
184
11
4
112
29
156
126
24
149
72
118
59
51
141
60
46
68
140
93
117
0
170
143
183
89
23
114
64
15
9
62
61
155
144
49
32
138
8
165
39
107
90
27
71
164
7
21
102
167
111
124
94
19
99
121
136
158
53
180
6
194
161
162
133
63
130
12
176
66
109
115
41
193
159
103
146
192
160
54
30
147
104
190
10
177
48
96
198
139
110
163
69
108
76
186
148
33
37
128
172
82
44
25
168
157
31
56
13
88
16
171
113
50
196
169
174
187
81
91
179
92
129
87
74
152
1
101
150
26
100
52
178
3
106
185
119
40
