166
28
184
11
4
112
29
156
126
24
149
77
116
65
105
47
59
118
60
51
72
161
6
180
158
53
121
99
19
189
94
130
12
124
111
167
128
9
62
61
155
144
49
32
138
8
165
39
107
90
27
71
164
7
21
132
73
64
114
23
76
183
89
83
15
148
33
37
178
3
106
52
55
179
91
196
169
174
187
81
157
31
56
13
168
145
78
82
44
25
16
88
171
113
50
17
119
40
185
92
129
87
74
152
1
101
150
26
100
136
182
63
80
176
66
141
46
68
140
93
117
0
115
41
193
159
103
146
192
160
54
30
147
104
190
10
177
48
96
198
139
110
163
69
108
18
199
