19
152
74
125
87
1
101
150
26
100
53
158
180
173
6
194
161
162
72
109
51
66
141
60
118
59
116
105
77
47
65
149
131
166
28
184
11
35
126
29
156
112
4
190
10
177
104
147
54
30
48
160
192
42
5
96
181
103
146
195
159
193
41
110
191
139
198
46
68
163
69
108
67
36
140
93
117
170
0
153
183
89
76
23
186
114
64
15
61
9
62
102
49
178
3
32
138
14
155
144
132
21
7
164
58
71
27
107
90
39
165
8
185
119
40
174
187
81
169
196
17
157
188
56
113
171
88
16
13
31
168
91
179
145
78
25
44
120
82
92
57
55
52
128
167
111
33
37
148
12
130
124
94
63
136
182
121
99
189
