24
149
131
77
47
65
105
116
96
5
42
28
184
166
11
35
126
29
156
112
4
190
10
177
104
147
54
30
48
160
192
181
103
146
22
20
18
69
108
67
163
159
193
41
191
110
139
198
46
68
140
93
117
170
0
153
183
89
76
23
186
114
64
73
132
144
155
61
62
9
37
33
102
49
178
3
32
138
21
7
164
58
71
27
107
90
39
165
8
185
119
40
169
174
187
81
196
17
157
31
13
56
188
50
113
171
88
16
25
44
120
82
78
168
145
91
179
55
52
128
167
111
124
12
130
94
189
19
152
74
125
87
150
101
1
97
26
100
99
121
182
136
53
158
180
173
133
80
176
66
141
51
109
60
118
59
72
162
161
194
6
70
127
123
