52
55
179
91
196
169
40
119
185
8
165
39
95
7
164
58
71
27
107
90
174
187
81
17
157
31
13
85
188
56
113
171
88
16
168
145
78
25
44
120
82
2
87
125
74
152
19
189
97
1
101
150
26
100
99
121
182
136
53
158
180
173
6
194
161
24
29
156
126
112
4
190
10
177
104
147
54
30
48
184
11
166
28
160
192
181
103
146
22
20
18
69
108
163
67
36
140
93
117
170
0
68
46
198
139
191
110
142
159
193
41
96
5
42
43
77
131
149
47
65
105
116
59
72
118
60
109
51
141
66
176
137
23
76
183
89
83
114
64
73
132
14
138
32
3
178
49
102
155
144
61
62
9
33
37
148
12
130
94
124
111
167
128
