108
67
163
36
140
93
117
170
0
68
46
198
139
110
191
115
59
118
60
109
51
66
141
137
23
76
183
89
83
114
64
73
132
144
155
14
138
32
49
102
61
62
9
33
37
148
12
130
94
124
111
167
172
92
179
91
55
52
178
3
106
185
40
119
8
165
39
95
7
164
58
71
27
107
90
174
169
196
187
81
17
157
31
13
85
188
56
113
171
88
16
168
145
78
25
44
120
82
2
87
125
74
152
97
1
101
150
100
26
19
189
99
121
182
136
53
158
180
173
6
194
161
24
149
131
47
65
116
105
77
166
28
184
11
35
126
29
156
112
4
190
10
177
104
147
54
30
48
160
192
181
103
146
22
159
193
41
142
69
