114
186
23
89
183
76
137
12
130
124
94
63
133
151
72
51
109
141
60
0
170
117
93
140
36
163
67
108
69
18
20
22
146
103
195
159
193
41
191
139
110
68
46
198
115
118
59
65
116
105
77
149
131
11
166
184
28
42
5
96
192
160
48
30
54
147
104
177
10
190
4
112
126
156
29
24
161
194
6
173
180
158
53
136
182
121
99
189
19
26
100
150
101
1
97
152
74
125
87
2
82
120
44
25
16
88
171
113
56
188
85
13
31
157
17
81
187
174
90
107
27
71
58
164
7
95
39
165
8
185
119
40
169
196
91
179
145
168
78
92
57
55
52
167
111
148
37
33
9
62
102
49
178
3
32
138
14
155
144
61
15
64
