116
115
198
46
68
110
139
191
142
159
193
41
96
5
42
192
160
48
54
30
34
103
146
22
20
18
69
108
67
163
36
140
93
117
170
0
153
183
89
76
23
186
114
64
15
148
37
33
9
62
61
102
49
178
3
32
138
14
155
144
132
21
7
164
58
71
27
107
90
39
165
8
185
119
40
174
187
81
169
196
17
157
31
13
85
188
56
113
171
88
16
25
44
120
82
78
168
145
91
179
55
52
128
167
111
124
130
12
176
66
141
51
109
60
118
59
72
162
161
133
63
94
189
19
152
74
125
87
1
101
150
26
100
99
121
182
136
53
158
180
173
6
194
123
24
29
156
126
112
4
190
10
177
104
147
184
28
11
166
131
149
65
47
77
105
