163
110
139
191
142
159
193
41
96
5
42
28
184
166
11
131
149
77
47
65
105
116
59
118
72
66
141
51
109
60
46
68
140
93
117
170
0
153
183
89
76
23
186
114
64
15
61
62
9
33
37
148
12
130
94
124
111
167
128
49
155
144
132
21
7
164
58
71
27
107
90
39
165
8
138
32
3
178
106
185
119
40
169
174
187
81
196
17
157
31
13
85
188
56
113
171
88
16
78
168
145
91
179
92
82
44
120
2
87
125
74
152
97
1
101
150
100
26
19
189
99
121
182
136
53
158
180
173
6
194
161
24
29
156
126
112
4
190
10
177
104
147
54
30
48
160
192
181
103
146
22
20
18
69
108
67
