67
108
69
18
20
22
146
103
181
192
160
48
30
54
147
104
177
10
190
4
112
126
156
29
24
161
194
6
173
180
158
53
136
182
121
99
189
19
26
100
150
101
1
97
152
74
125
87
2
120
44
82
92
179
91
145
168
78
16
88
171
113
56
188
85
13
31
157
17
196
81
187
174
169
40
119
185
106
178
3
32
138
8
165
39
90
107
27
71
58
164
7
21
132
144
155
49
128
167
111
124
94
130
12
148
37
33
9
62
61
15
64
114
186
23
76
89
183
153
0
170
117
93
140
68
46
60
109
51
141
66
72
118
59
116
105
65
47
77
149
131
11
166
184
28
42
5
96
41
193
159
142
191
139
110
163
