48
30
54
147
104
177
10
190
4
84
11
184
28
166
77
105
116
65
47
131
149
24
156
29
127
194
6
173
180
158
53
136
182
121
99
189
19
26
100
150
101
1
97
152
74
125
87
2
82
120
44
25
16
88
171
113
50
188
56
13
31
157
168
78
145
179
91
169
196
81
187
174
40
119
185
8
165
39
90
107
27
71
58
164
7
21
132
144
155
102
49
138
32
3
178
106
52
55
128
167
111
148
37
33
9
62
61
15
64
114
83
89
183
143
170
0
153
76
23
137
141
60
109
51
66
176
12
130
124
94
63
133
151
72
118
59
197
96
41
193
115
46
198
139
191
110
68
93
140
36
163
67
108
69
18
20
22
146
103
181
192
160
