143
170
0
117
93
140
36
163
67
108
69
18
199
159
193
41
191
139
110
68
46
198
115
60
141
66
51
109
72
118
59
116
65
47
105
77
43
96
5
42
192
181
146
103
160
48
30
54
147
104
177
10
190
4
112
156
29
126
35
11
184
28
166
131
149
24
123
127
70
6
194
161
162
133
173
180
158
53
136
182
121
99
189
19
94
130
12
124
111
148
37
33
167
128
3
178
106
52
55
172
87
125
74
152
1
97
26
100
101
150
2
82
120
44
25
78
145
168
16
88
171
113
56
188
85
13
31
157
17
81
187
174
169
196
91
179
185
40
119
8
165
39
90
107
27
71
58
164
7
21
138
32
49
102
62
9
61
155
144
132
73
64
114
186
23
76
89
183
