196
91
179
92
172
167
111
148
37
33
128
55
52
178
3
106
185
40
119
8
165
39
90
107
27
71
58
164
7
21
138
32
49
102
62
9
61
155
144
132
73
64
114
186
23
76
89
183
143
170
0
46
198
115
59
72
118
60
109
51
141
66
176
12
130
124
94
63
133
162
161
24
149
131
47
65
116
105
77
166
11
184
28
42
5
96
41
193
159
142
191
139
110
68
93
140
36
163
67
108
69
18
20
22
146
103
181
192
160
48
30
54
147
104
177
10
190
4
112
126
156
29
127
194
6
173
180
158
53
136
182
121
99
189
19
26
100
101
150
1
97
152
74
125
87
2
82
120
44
25
78
145
168
16
88
171
113
56
188
85
13
31
157
17
81
187
174
169
