178
106
185
40
119
8
165
39
95
7
164
58
71
27
107
90
174
169
196
187
81
17
157
31
13
85
188
56
113
171
88
16
168
91
179
145
78
25
44
120
82
92
57
55
52
167
33
37
148
111
124
12
130
94
19
26
101
150
87
125
74
152
1
97
100
99
121
182
136
53
158
180
173
6
194
133
80
176
66
141
51
109
60
118
72
59
115
96
5
42
43
105
116
65
47
77
131
149
24
29
156
126
112
4
84
11
166
28
184
190
10
177
104
147
54
30
48
160
192
181
103
146
22
20
18
69
108
67
163
159
193
41
191
110
139
198
46
68
140
93
117
170
0
153
183
89
76
23
186
114
64
73
132
144
155
61
9
62
102
49
138
32
3
