60
141
109
51
66
176
80
63
182
136
158
53
121
99
189
19
94
130
12
124
111
148
37
33
167
52
55
57
92
82
2
87
125
74
152
1
97
26
100
101
150
120
44
25
78
145
179
91
168
31
13
16
88
171
113
56
188
157
17
81
187
196
169
174
40
119
185
8
165
39
90
107
27
71
58
164
7
21
132
144
155
14
138
32
3
178
49
102
62
9
61
15
64
114
186
23
76
89
183
153
0
170
117
93
140
36
163
67
108
69
18
20
22
146
103
195
159
193
41
191
139
110
68
46
198
115
116
105
65
47
149
131
77
43
42
5
96
192
160
48
30
54
147
104
177
10
190
184
28
166
11
84
4
112
126
156
29
24
123
127
70
6
154
180
173
194
161
162
72
59
118
