159
195
103
146
22
20
18
69
108
67
163
36
140
93
117
170
0
153
183
89
76
23
186
114
64
73
132
144
155
61
9
62
102
49
138
32
3
178
106
185
40
119
8
165
39
95
7
164
58
71
27
107
90
174
187
81
169
196
17
157
188
56
113
171
88
16
13
31
168
145
78
25
44
120
82
92
179
91
57
172
167
33
37
148
111
124
130
12
94
189
19
152
74
125
87
1
101
150
26
100
99
121
182
136
53
158
180
173
6
194
161
24
29
156
126
112
4
190
10
177
104
147
54
30
48
160
28
184
11
166
131
149
47
65
116
105
77
43
42
5
96
115
59
118
72
109
51
66
141
60
46
198
139
110
191
41
193
