4
112
126
156
29
24
161
194
6
173
180
158
53
100
26
150
101
1
97
152
74
125
87
172
3
178
106
52
55
57
92
82
120
44
25
78
145
179
91
168
16
88
171
113
56
188
85
13
31
157
17
196
169
81
187
174
119
40
185
8
165
39
90
107
27
71
58
164
7
21
138
32
49
102
155
144
132
73
64
114
83
89
183
76
23
186
15
61
62
9
33
37
148
167
111
124
12
130
94
19
189
99
121
182
136
63
80
176
66
51
109
141
60
118
72
59
115
198
46
68
0
170
117
93
140
36
163
67
108
69
18
199
110
139
191
41
193
159
22
146
103
181
192
160
42
5
96
43
77
105
116
65
47
149
131
166
28
184
104
147
54
30
177
10
190
