70
154
180
158
53
100
26
101
150
120
44
25
16
88
171
113
56
188
85
13
31
157
168
78
82
2
87
125
74
152
1
97
19
189
99
121
182
136
173
6
194
161
162
72
149
131
47
65
116
105
77
43
42
5
96
41
193
159
142
191
139
110
68
46
198
115
59
118
60
109
51
141
66
176
12
130
94
124
111
148
37
33
167
128
49
102
62
9
61
144
155
14
138
32
3
178
106
52
55
179
91
185
8
165
119
40
169
196
81
187
174
90
107
27
71
58
164
7
21
132
73
64
114
186
23
89
183
153
0
170
117
93
140
36
163
67
108
69
18
20
22
146
103
181
192
160
48
30
54
147
104
177
10
190
184
28
166
11
84
4
112
126
156
29
127
