120
82
92
179
55
52
128
33
37
148
111
167
87
125
74
152
97
1
101
150
100
26
19
189
99
121
182
136
53
158
180
173
6
194
127
29
156
126
112
4
190
10
177
104
147
54
30
48
160
192
42
5
96
181
103
146
22
159
193
41
199
18
69
108
67
163
36
140
93
117
170
0
68
46
198
139
110
191
115
60
141
66
51
109
72
118
59
116
105
65
47
77
166
28
184
11
131
149
24
161
162
133
63
94
124
130
12
137
23
76
183
89
83
114
64
15
61
9
62
102
49
178
3
32
138
14
155
144
132
21
7
164
58
71
27
107
90
39
165
8
185
119
40
174
187
81
196
169
91
145
78
168
157
31
13
85
188
56
113
171
88
16
25
44
