158
154
173
180
136
182
63
176
66
141
60
109
51
72
118
59
115
198
46
68
110
139
191
193
41
96
5
42
43
77
105
116
65
47
131
149
24
161
194
6
70
127
29
156
126
112
4
190
10
177
104
147
54
30
48
184
11
166
28
160
192
181
103
146
195
159
199
18
69
108
67
163
36
140
93
117
170
0
153
183
89
76
23
186
114
64
15
148
37
33
9
62
61
102
49
178
3
32
138
14
155
144
132
21
7
164
58
71
27
107
90
39
165
8
185
119
40
174
187
81
169
196
17
157
188
56
113
171
88
16
13
31
168
91
179
145
78
25
44
120
82
92
57
55
52
128
167
111
124
12
130
94
74
125
87
152
19
189
99
121
100
26
97
1
101
150
86
53
