39
90
107
27
71
58
164
7
21
132
144
155
49
102
62
9
61
15
64
114
83
89
183
76
23
137
12
130
124
94
176
66
141
51
109
60
118
72
59
116
105
65
47
149
131
77
43
42
5
96
115
191
110
139
198
46
68
0
170
117
93
140
36
163
67
108
69
18
199
41
193
159
195
146
103
181
192
160
48
30
54
147
104
177
10
190
184
28
166
11
84
4
112
126
156
29
24
161
194
6
173
180
158
53
136
182
121
99
189
19
26
100
150
101
1
97
152
74
125
87
2
82
120
44
25
16
88
171
113
56
13
31
85
188
98
81
187
174
169
196
17
157
168
78
145
91
179
92
172
167
111
148
37
33
128
55
52
106
178
3
32
138
8
185
40
119
165
