17
157
31
13
85
188
56
113
171
88
16
25
44
120
82
2
87
125
74
152
97
1
150
101
100
26
19
189
99
121
182
136
53
158
180
173
6
194
161
162
133
63
94
124
130
12
176
66
141
60
109
51
72
118
59
116
65
47
105
77
166
28
184
11
131
149
24
29
156
126
112
4
190
10
177
104
147
54
30
48
160
192
181
103
146
22
20
18
69
108
67
163
159
193
41
96
115
191
110
139
198
46
68
140
93
117
170
0
153
183
89
76
23
186
114
64
15
33
37
148
111
167
128
9
62
61
102
49
155
144
132
21
7
164
58
71
27
107
90
39
165
119
40
185
8
138
32
3
178
106
52
55
57
92
78
168
145
179
91
169
174
187
81
196
