77
47
65
149
131
166
11
28
184
147
104
177
10
190
4
112
126
156
29
24
123
194
6
173
180
158
53
136
182
121
99
100
26
150
101
1
87
125
74
152
19
189
94
63
133
161
162
72
59
118
60
109
51
141
66
176
12
130
124
111
167
128
52
55
179
91
145
168
78
82
120
44
25
16
88
171
113
56
188
85
13
31
157
17
196
169
81
187
174
119
40
185
8
165
39
90
107
27
71
58
164
7
21
132
144
155
14
138
32
3
178
49
102
61
62
9
33
37
148
15
64
114
186
23
76
89
183
153
0
170
117
93
140
36
163
67
108
69
18
20
22
146
103
34
30
54
48
160
192
42
5
96
41
193
159
142
191
139
110
68
46
198
115
116
105
