131
149
24
29
156
126
112
4
190
10
177
104
147
54
30
48
160
192
181
103
146
22
20
18
69
108
67
163
159
193
41
191
110
139
198
46
68
140
93
117
170
0
153
183
89
76
23
186
114
64
15
61
62
9
33
37
148
12
130
94
124
111
167
128
49
155
144
132
21
7
164
58
71
27
107
90
39
165
8
138
32
3
178
106
185
119
40
91
179
196
169
174
187
81
17
157
31
13
85
188
56
113
171
88
16
168
145
78
25
44
120
82
2
87
125
74
152
97
1
101
150
100
26
19
189
99
121
182
136
53
158
180
173
6
194
161
162
133
80
176
66
141
60
109
51
72
118
59
65
47
105
116
96
5
42
43
77
166
28
184
11
