104
177
10
190
4
112
156
29
126
35
11
184
28
166
77
47
65
116
105
43
42
5
96
115
59
118
72
162
161
149
131
24
123
194
6
173
180
158
53
136
182
121
99
189
19
26
100
150
101
1
97
152
74
125
87
172
52
55
57
92
82
120
44
25
78
145
179
91
168
16
88
171
113
56
188
85
13
31
157
17
196
169
81
187
174
119
40
185
8
165
39
90
107
27
71
58
164
7
21
132
144
155
14
138
32
3
178
49
102
61
62
9
37
33
167
111
148
15
64
114
186
23
89
183
76
137
12
130
124
94
80
176
66
141
51
109
60
46
198
139
191
110
68
0
170
117
93
140
36
163
67
108
69
18
199
41
193
159
195
146
103
181
192
160
48
30
54
147
