44
120
82
92
57
55
52
128
167
111
33
37
148
12
130
124
94
189
19
152
74
125
87
1
101
150
26
100
99
121
182
136
53
158
180
173
63
80
176
66
141
51
109
72
162
161
194
6
70
127
123
24
29
156
126
112
4
190
10
177
104
147
54
30
48
160
192
181
103
146
22
20
18
69
108
67
163
36
140
93
68
110
139
191
142
159
193
41
96
116
65
47
105
77
166
28
184
11
131
149
59
118
60
46
117
170
0
153
183
89
76
23
186
114
64
73
132
144
155
61
9
62
102
49
178
3
32
138
21
7
164
58
71
27
107
90
39
165
8
119
40
185
179
91
196
169
174
187
81
17
157
31
13
85
188
56
113
171
88
16
168
145
78
25
