121
100
26
101
150
120
44
82
92
179
91
145
168
78
16
88
171
113
56
188
85
13
31
157
17
196
169
81
187
174
119
40
185
106
178
3
8
165
39
90
107
27
71
58
164
7
21
132
144
155
14
138
32
49
102
62
9
61
15
64
114
186
23
76
89
183
153
0
170
117
93
140
68
46
198
139
110
191
115
96
41
193
159
163
67
108
69
18
20
22
146
103
181
192
160
48
30
54
147
104
177
10
190
4
112
156
29
126
35
11
184
28
166
77
105
47
65
116
149
131
24
123
194
6
173
180
158
53
136
182
63
133
161
162
72
51
109
118
60
141
66
176
80
94
124
130
12
148
37
33
111
167
87
125
74
152
1
97
19
189
99
