87
125
74
152
19
189
99
121
182
136
63
94
130
12
124
111
167
148
37
33
9
62
61
102
49
144
155
14
138
32
3
178
106
52
55
91
179
92
82
120
44
25
78
145
168
16
88
171
113
56
188
85
13
31
157
17
196
169
81
187
174
40
119
185
8
165
39
90
107
27
71
58
164
7
21
132
73
64
114
186
23
89
183
76
137
176
66
141
60
109
51
151
161
162
72
118
59
115
191
110
139
198
46
68
0
170
117
93
140
36
67
163
108
69
18
199
41
193
159
195
146
103
181
192
160
48
30
54
147
104
177
10
190
4
112
156
29
126
35
11
184
28
166
77
105
116
65
47
131
149
24
123
194
6
173
180
158
53
100
26
150
101
1
