28
166
11
184
190
10
177
104
147
54
30
48
160
192
181
103
146
22
20
18
69
108
67
163
36
140
93
117
170
0
68
46
198
139
191
110
142
159
193
41
96
197
59
118
60
109
51
72
151
133
63
94
124
130
12
176
66
141
137
23
76
183
89
83
114
64
15
148
111
167
33
37
9
62
61
144
155
102
49
32
138
21
7
164
58
71
27
107
90
39
165
8
119
40
185
106
3
178
52
55
57
92
78
168
145
179
91
196
169
174
187
81
17
157
31
13
85
188
56
113
171
88
16
25
44
120
82
2
87
125
74
152
97
1
101
150
100
26
19
189
99
121
182
136
53
158
180
173
6
194
127
29
156
126
112
4
24
149
131
47
65
116
105
77
