177
190
10
30
54
48
160
192
42
5
96
43
77
131
149
105
47
65
116
115
198
46
68
110
139
191
41
193
159
195
103
146
22
20
18
69
108
67
163
36
140
93
117
170
0
141
66
51
109
60
118
59
72
162
161
133
80
176
137
23
76
183
89
83
114
64
15
61
9
62
102
49
178
3
32
138
14
155
144
132
21
7
164
58
71
27
107
90
39
165
8
119
40
185
179
91
196
169
174
187
81
17
157
31
13
85
188
56
113
171
88
16
168
145
78
25
44
120
82
92
57
55
52
167
33
37
148
111
124
12
130
94
189
19
152
74
125
87
1
101
150
26
100
99
121
182
136
53
158
180
173
6
194
123
24
29
156
126
112
4
84
11
166
28
184
147
104
