54
147
104
177
10
190
4
112
156
29
126
35
11
166
184
28
42
5
96
116
105
65
47
77
131
149
24
161
194
6
173
180
158
53
136
182
121
99
189
19
100
26
97
1
101
150
87
125
74
152
111
167
128
52
55
57
92
82
120
44
25
78
145
179
91
168
16
88
171
113
56
188
85
13
31
157
17
196
81
187
174
169
40
119
185
8
165
39
90
107
27
71
58
164
7
21
132
144
155
14
138
32
3
178
49
102
61
62
9
33
37
148
15
64
114
186
23
76
89
183
143
170
0
46
60
141
66
176
12
130
124
94
63
133
151
72
51
109
118
59
115
198
139
191
110
68
93
140
36
163
67
108
69
18
199
41
193
159
195
146
103
181
192
160
48
30
