124
130
12
148
37
33
111
167
87
125
74
152
19
189
99
121
100
26
97
1
101
150
2
82
120
44
25
16
88
171
113
56
188
85
13
31
157
168
78
145
92
57
55
52
179
91
169
196
81
187
174
119
40
185
8
165
39
90
107
27
71
58
164
7
21
132
144
155
14
138
32
3
178
49
102
62
9
61
15
64
114
83
89
183
76
23
137
176
66
141
60
109
51
72
118
59
115
198
46
68
0
170
117
93
140
36
163
67
108
69
18
199
110
139
191
41
193
159
22
146
103
181
96
5
42
192
160
48
30
54
147
104
177
10
190
4
112
156
29
126
35
11
184
28
166
77
105
116
65
47
131
149
24
123
194
6
173
180
158
53
136
182
63
133
161
162
45
151
80
94
