34
103
146
22
20
18
69
108
163
67
36
140
93
117
170
0
153
183
89
76
23
186
114
64
15
61
62
9
37
33
102
49
178
3
32
138
14
155
144
132
21
7
164
58
71
27
107
90
39
165
8
185
119
40
91
179
196
169
174
187
81
17
157
31
13
85
188
56
113
171
88
16
168
145
78
25
44
120
82
2
150
101
100
26
97
1
152
74
125
87
167
111
124
12
130
94
189
19
99
121
182
136
53
158
180
173
6
194
161
24
29
156
126
112
4
84
11
184
28
166
131
149
47
65
105
77
116
59
118
72
66
141
51
109
60
46
198
139
191
110
142
159
193
41
96
5
42
192
160
48
147
104
190
10
177
54
30
