78
82
2
87
125
74
152
1
97
26
100
101
150
120
44
25
16
88
171
113
56
188
85
13
31
157
17
81
187
196
169
174
90
107
27
71
58
164
7
95
39
165
8
119
40
185
106
178
3
32
138
49
102
62
9
61
155
144
132
73
64
114
186
23
76
89
183
153
0
170
117
93
140
36
163
67
108
69
18
199
41
193
159
22
146
103
181
192
160
48
30
54
147
104
177
10
190
4
112
126
156
29
24
149
131
47
65
116
105
77
166
11
184
28
42
5
96
115
198
139
191
110
68
46
60
141
66
51
109
118
59
72
162
161
194
6
173
180
158
53
121
99
19
189
182
136
63
12
130
94
124
111
148
37
33
167
172
92
179
91
168
145
