191
110
198
46
68
163
69
108
67
36
140
93
117
170
0
153
183
89
76
23
186
114
64
73
132
144
155
61
9
62
102
49
178
3
32
138
21
7
164
58
71
27
107
90
39
165
8
185
119
40
174
187
81
169
196
17
157
31
13
85
188
56
113
171
88
16
168
91
179
145
78
25
44
120
82
92
57
55
52
167
33
37
148
111
152
74
125
87
1
101
150
100
26
97
19
189
99
121
182
136
53
158
180
173
6
194
161
162
133
63
94
124
130
12
176
66
141
60
118
109
51
72
59
116
105
65
47
77
166
28
184
11
131
149
24
29
156
126
112
4
190
10
177
104
147
54
30
48
160
192
42
5
96
181
103
146
22
159
193
41
139
