133
80
176
66
141
60
109
51
72
118
59
149
131
47
65
105
116
115
198
46
68
110
139
191
142
159
193
41
96
5
42
43
77
166
28
184
11
84
4
190
10
177
104
147
54
30
48
160
192
181
103
146
22
20
18
69
108
67
163
36
140
93
117
170
0
153
183
89
76
23
186
114
64
73
132
144
155
61
9
62
102
49
178
3
32
138
21
7
164
58
71
27
107
90
39
165
8
185
119
40
174
187
81
169
196
17
157
31
13
85
188
56
113
171
88
16
168
91
179
145
78
25
44
120
82
92
57
55
52
167
33
37
148
111
124
12
130
94
189
19
97
1
152
74
125
87
150
101
26
100
99
121
182
136
53
158
180
173
6
194
127
29
156
126
112
24
161
162
