198
46
60
109
51
141
66
176
137
23
186
64
114
83
89
183
153
0
170
117
93
140
36
163
67
108
69
18
20
22
146
103
181
192
160
48
30
54
147
104
177
10
190
4
112
156
29
126
35
11
184
28
166
131
149
24
161
194
6
173
180
158
53
136
182
121
99
189
19
26
100
150
101
1
97
152
74
125
87
2
82
120
44
25
78
145
168
16
88
171
113
56
188
85
13
31
157
17
81
187
174
169
196
91
179
55
52
178
3
106
119
40
185
8
165
39
90
107
27
71
58
164
7
21
132
144
155
14
138
32
49
102
61
62
9
33
37
148
167
111
124
94
130
12
63
133
151
72
118
59
116
65
47
105
77
43
42
5
96
41
193
159
142
110
191
139
