8
185
119
40
169
196
91
179
145
168
78
16
88
171
113
56
13
31
85
188
157
17
81
187
174
90
107
27
71
58
164
7
21
132
144
155
49
102
62
9
61
15
64
114
186
23
76
89
183
153
0
170
117
93
140
68
46
60
109
51
141
66
176
12
130
124
94
63
133
151
72
118
59
115
198
139
110
191
41
193
159
163
67
108
69
18
20
22
146
103
181
192
160
48
30
54
147
104
177
10
190
184
28
42
5
96
43
77
105
116
65
47
149
131
166
11
84
4
112
126
156
29
24
161
194
6
173
180
158
53
136
182
121
99
189
19
152
74
1
97
26
100
101
150
87
2
120
44
82
92
57
55
52
167
111
148
37
33
178
3
32
138
39
165
