68
93
140
36
163
67
108
69
18
20
22
146
103
181
192
160
48
30
54
147
104
177
10
190
4
112
126
156
29
24
161
194
6
173
180
158
53
136
182
63
12
130
94
124
111
148
37
33
167
87
125
74
152
19
189
99
121
100
26
97
1
101
150
2
82
120
44
25
78
145
179
91
168
16
88
171
113
56
188
85
13
31
157
17
196
169
81
187
174
119
40
185
8
165
39
90
107
27
71
58
164
7
21
138
32
3
178
49
102
62
9
61
155
144
132
73
64
114
83
89
183
143
170
0
153
76
23
137
176
66
141
51
109
60
118
72
59
116
65
47
105
77
149
131
166
11
184
28
42
5
96
41
193
159
142
110
191
139
198
46
