1
101
150
26
100
53
158
180
173
6
194
123
24
149
131
47
65
116
105
77
166
28
184
11
35
126
29
156
112
4
190
10
177
104
147
54
30
48
160
192
181
103
146
195
159
193
41
199
18
69
108
163
67
36
140
93
117
170
0
68
46
198
139
110
191
115
59
118
72
162
161
151
51
109
60
141
66
176
137
76
183
89
23
186
114
64
73
132
21
7
164
58
71
27
107
90
39
165
8
185
40
119
174
187
81
169
196
17
157
31
13
85
188
56
113
171
88
16
168
145
78
25
44
120
82
92
179
91
55
52
106
178
3
32
138
14
144
155
49
102
61
62
9
33
37
148
167
111
124
12
130
94
63
136
182
121
99
189
19
152
74
125
87
