184
28
166
131
149
47
65
116
105
77
43
96
5
42
160
192
181
103
146
22
159
193
41
191
139
110
199
18
69
108
67
163
36
140
93
117
170
0
68
46
198
115
59
72
118
60
141
109
51
66
176
80
63
136
182
121
99
189
19
94
130
12
124
111
167
148
37
33
9
62
61
15
186
23
76
183
89
83
114
64
73
132
144
155
102
49
32
138
21
7
164
58
71
27
107
90
39
165
8
185
119
40
174
187
81
169
196
17
157
31
13
85
188
56
113
171
88
16
168
91
179
145
78
25
44
120
82
92
57
55
52
106
178
3
172
87
125
74
152
97
1
101
150
26
100
53
158
180
173
6
194
161
24
29
156
126
112
4
190
10
177
30
54
147
104
