92
179
91
145
78
168
31
13
16
88
171
113
56
188
157
17
196
81
187
174
169
40
119
185
8
165
39
90
107
27
71
58
164
7
21
132
144
155
14
138
32
3
178
106
52
55
128
167
111
124
94
130
12
148
37
33
9
62
61
15
64
114
83
89
183
76
23
137
176
66
141
60
109
51
151
161
162
72
118
59
197
96
41
193
159
142
110
191
139
198
46
68
0
170
117
93
140
36
163
67
108
69
18
20
22
146
103
181
192
160
48
30
54
147
104
177
10
190
4
112
156
29
126
35
11
184
28
166
77
105
116
65
47
131
149
24
123
194
6
173
180
158
53
136
182
121
99
189
19
100
26
97
152
74
125
87
1
101
150
120
44
82
