21
132
144
155
14
138
32
3
178
49
102
62
9
61
15
64
114
83
89
183
76
23
137
12
130
124
94
63
133
161
162
72
59
118
60
109
51
66
141
0
170
117
93
140
68
46
198
139
110
191
41
193
142
163
67
108
69
18
159
195
146
103
34
30
54
48
160
192
42
5
96
116
65
47
105
77
149
131
11
166
28
184
147
104
177
10
190
4
112
126
156
29
24
123
194
6
173
180
158
53
136
182
121
99
100
26
150
101
1
97
189
19
152
74
125
87
167
111
148
37
33
128
52
55
57
92
82
120
44
25
78
145
179
91
168
16
88
171
113
56
188
85
13
31
157
17
196
169
81
187
174
119
40
185
8
165
39
90
107
27
71
58
164
7
