125
87
2
82
92
179
91
145
78
168
157
31
13
56
188
50
113
171
88
16
25
44
120
150
101
26
100
99
121
182
136
53
158
180
173
6
194
123
24
29
156
126
112
4
190
10
177
104
147
54
30
48
160
192
181
103
146
22
20
18
108
69
199
159
193
41
96
5
42
43
166
28
184
11
131
149
77
105
47
65
116
115
198
46
68
139
191
110
163
67
36
140
93
117
170
0
153
183
89
76
23
186
114
64
15
61
155
144
132
21
7
164
58
71
27
107
90
39
165
8
119
174
187
81
196
169
40
185
106
178
3
32
138
49
102
62
9
33
37
148
167
111
124
130
12
176
66
141
51
109
60
118
59
72
162
161
133
63
94
189
19
97
1
152
74
