168
91
179
92
172
167
33
37
148
111
124
94
130
12
63
136
182
189
19
99
121
53
158
180
173
6
194
161
162
72
59
118
109
51
66
141
60
46
68
110
191
139
198
115
96
5
42
28
184
11
166
77
105
116
65
47
131
149
24
29
156
126
112
4
190
10
177
104
147
54
30
48
160
192
181
103
146
22
159
193
41
199
18
69
108
67
163
36
140
93
117
170
0
153
183
89
76
23
186
114
64
73
132
144
155
61
9
62
102
49
138
32
3
178
106
185
40
119
8
165
39
95
7
164
58
71
27
107
90
174
169
196
187
81
17
157
31
13
85
188
56
113
171
88
16
25
44
120
150
101
100
26
97
1
152
74
125
87
2
82
78
145
