158
53
100
26
150
101
1
97
152
74
125
87
2
120
44
82
129
172
167
111
148
37
33
128
52
55
179
91
145
168
78
16
88
171
113
56
188
85
13
31
157
17
196
81
187
174
169
40
119
185
8
165
39
90
107
27
71
58
164
7
21
132
144
155
14
138
32
3
178
49
102
62
9
61
15
64
114
186
23
76
89
183
153
0
170
117
46
198
139
191
110
68
93
140
36
163
67
108
69
18
20
22
146
103
181
192
160
48
30
54
147
104
177
10
190
184
28
166
11
84
4
112
126
156
29
24
149
131
47
65
116
105
77
43
42
5
96
41
193
115
59
118
72
51
109
60
141
66
176
12
130
124
94
19
189
99
121
182
136
63
133
162
161
194
6
173
180
