82
44
120
2
87
125
74
152
97
1
101
150
100
26
19
189
99
121
182
136
53
158
180
173
6
194
127
29
156
24
149
131
47
65
116
105
77
166
11
28
184
84
4
190
10
177
104
147
54
30
48
160
192
42
5
96
41
193
159
195
103
146
22
20
18
69
108
67
163
36
140
93
68
110
191
139
198
46
60
118
59
72
51
109
141
0
170
143
183
89
76
23
186
114
64
73
132
144
155
14
138
32
49
102
61
62
9
33
37
148
12
130
94
124
111
167
128
55
52
178
3
106
185
40
119
8
165
39
95
7
164
58
71
27
107
90
174
169
196
187
81
17
157
31
13
85
188
56
113
171
88
16
78
168
145
91
179
92
