20
18
108
67
163
69
199
159
193
41
110
191
139
198
46
68
140
93
117
170
0
60
109
51
141
66
176
80
94
124
130
12
137
23
76
183
89
83
114
64
15
61
9
62
102
49
32
138
14
155
144
132
21
7
164
58
71
27
107
90
39
165
8
185
119
40
174
187
81
169
196
17
157
31
13
85
188
56
113
171
88
16
168
91
179
145
78
25
44
120
82
92
57
55
52
106
178
3
33
37
148
111
167
87
125
74
152
97
1
101
150
100
26
19
189
99
121
182
136
53
158
180
173
6
194
161
162
72
118
59
115
96
5
116
65
47
105
77
149
131
166
28
184
11
35
126
29
156
112
4
190
10
177
104
147
54
30
48
160
192
181
103
146
22
