59
72
118
60
109
51
141
66
176
137
76
183
89
23
186
114
64
15
61
9
62
102
49
32
138
14
155
144
132
21
7
164
58
71
27
107
90
39
165
8
185
119
40
169
174
187
81
196
17
157
31
13
85
188
56
113
171
88
16
168
91
179
145
78
25
44
120
82
92
57
55
52
106
178
3
33
37
148
111
167
152
74
125
87
1
101
150
26
100
121
99
189
19
94
124
130
12
63
133
162
161
194
173
180
136
53
158
154
6
70
127
123
24
29
156
126
112
4
84
11
166
28
184
190
10
177
104
147
54
30
48
160
192
181
103
146
22
20
18
69
108
67
163
36
140
93
117
170
0
68
46
198
139
191
110
142
159
193
41
96
5
42
43
77
131
149
105
116
65
