123
127
70
6
194
161
162
72
59
118
60
109
51
141
66
176
80
133
173
180
158
53
136
182
121
99
100
26
97
1
101
150
87
125
74
152
19
189
94
130
12
124
111
167
128
52
55
179
91
145
168
78
82
120
44
25
16
88
171
113
50
188
56
13
31
157
17
196
81
187
174
169
40
119
185
8
165
39
90
107
27
71
58
164
7
21
138
32
3
178
49
102
33
37
9
62
61
155
144
132
73
64
114
186
23
76
89
183
153
0
170
117
93
140
68
46
198
139
110
191
41
193
159
163
67
108
69
18
20
22
146
103
181
192
160
48
30
54
147
104
177
10
190
4
112
156
29
126
35
11
166
184
28
42
5
96
116
105
65
47
77
131
149
24
