157
168
78
145
91
179
92
82
44
120
2
87
125
74
152
97
1
101
150
100
26
19
189
99
121
182
136
53
158
180
173
6
194
123
24
149
131
47
65
116
105
77
166
28
184
11
35
126
29
156
112
4
190
10
177
104
147
54
30
48
160
192
181
103
146
22
20
18
69
108
67
163
36
140
93
117
170
0
68
46
198
139
191
110
142
159
193
41
96
197
59
118
72
51
109
60
141
66
176
151
45
162
161
133
63
94
124
130
12
137
23
76
183
89
83
114
64
15
61
62
9
33
37
148
111
167
128
55
52
106
178
3
32
138
49
102
155
144
132
21
7
164
58
71
27
107
90
39
165
8
185
119
40
169
196
174
187
81
98
188
56
113
171
88
16
13
31
