100
17
44
133
10
178
122
32
135
131
19
112
121
116
158
25
123
177
171
157
104
56
144
138
182
2
85
98
51
125
90
191
120
67
71
147
192
150
6
188
65
169
132
161
70
3
15
145
13
126
195
168
139
11
49
33
160
39
29
12
0
35
109
69
189
167
155
184
53
4
149
101
28
59
20
23
60
148
47
154
94
66
57
172
52
179
22
130
95
9
199
140
183
174
55
18
62
124
128
110
86
176
180
88
194
166
48
76
75
137
114
26
103
163
89
127
165
153
186
119
159
143
41
111
68
8
82
87
58
77
97
141
91
79
61
7
5
78
175
142
45
162
46
80
190
105
136
73
164
193
31
54
151
117
198
30
42
156
24
1
197
16
27
38
102
63
