155
184
167
189
69
109
35
0
12
39
29
49
33
160
144
111
68
8
56
104
157
171
87
82
58
50
14
41
143
159
119
106
124
128
110
86
185
22
130
95
181
62
18
55
34
170
152
53
174
183
140
199
4
149
101
28
59
20
23
60
148
47
154
94
66
57
172
179
52
166
194
88
176
180
26
103
89
127
114
137
165
163
186
153
97
77
141
91
79
61
7
177
123
5
45
142
78
175
162
46
80
190
105
136
73
164
193
31
54
151
117
198
30
42
156
24
1
197
16
27
38
102
32
96
63
100
17
44
133
10
178
115
147
192
150
67
71
191
90
125
131
121
112
19
25
158
116
51
98
118
74
85
2
182
138
11
139
168
195
126
188
65
169
132
13
145
15
3
161
70
84
