85
2
192
150
6
188
65
169
132
13
126
195
168
139
11
49
160
33
138
182
25
123
177
171
157
104
56
144
111
68
8
87
82
58
50
14
81
153
186
119
159
143
106
124
62
128
110
86
95
185
22
9
183
174
55
34
41
37
35
0
12
39
29
109
69
167
189
145
15
3
161
70
84
155
184
53
140
199
4
149
101
28
59
20
23
60
148
47
154
94
66
57
172
179
52
166
48
76
75
137
114
194
88
176
180
26
103
163
89
127
165
187
146
97
77
141
91
79
61
7
5
78
175
142
45
162
46
80
190
105
136
73
164
54
31
193
196
42
156
24
30
198
117
151
19
112
121
131
1
197
16
27
38
92
63
102
32
100
17
44
133
10
178
71
67
120
191
90
125
51
98
118
74
