26
180
176
88
194
166
86
110
128
62
18
55
34
124
106
129
186
153
119
159
143
35
109
0
12
39
29
49
11
33
160
144
56
104
8
68
111
41
14
50
82
87
58
77
97
141
91
79
61
7
142
78
175
46
162
45
5
123
177
171
157
138
182
25
158
116
121
112
19
151
54
31
164
73
136
80
190
105
193
117
198
30
42
156
24
1
197
16
27
38
102
63
100
17
44
133
10
178
191
90
125
71
67
120
51
98
118
74
85
192
150
6
134
2
43
168
195
126
13
132
169
188
65
161
70
3
15
145
189
167
155
184
53
174
95
185
22
9
199
140
4
149
101
28
59
20
23
60
148
47
154
94
66
57
172
179
52
48
75
137
127
165
89
163
103
