178
10
133
44
17
100
32
102
63
92
38
27
16
197
1
24
156
42
30
198
117
193
105
190
80
136
73
164
31
54
151
19
112
121
116
158
25
123
5
45
162
46
142
175
78
7
61
79
91
177
171
87
82
68
8
104
56
144
111
50
58
77
81
153
186
165
127
89
163
103
26
114
137
75
76
48
166
194
88
180
176
86
110
95
130
22
179
52
172
57
66
94
154
47
148
60
23
20
59
28
101
149
4
199
140
183
174
53
184
155
167
189
69
34
55
18
62
128
124
106
143
159
119
41
37
35
109
0
12
29
39
160
33
49
11
138
182
139
168
195
126
13
145
15
3
70
161
132
169
65
188
6
150
192
85
2
74
118
98
51
125
90
191
120
67
71
