114
137
75
76
48
166
194
88
176
180
86
110
128
62
124
106
143
159
119
81
14
41
111
68
8
39
29
12
0
35
109
69
189
167
34
55
174
183
140
199
9
95
130
22
179
52
172
57
66
94
154
47
148
60
23
20
59
28
101
149
4
53
184
155
84
70
161
3
15
145
195
126
13
132
169
65
188
6
150
192
147
115
178
10
133
44
17
100
63
96
32
102
38
27
16
197
1
24
156
42
30
198
117
193
105
190
80
136
73
164
31
54
151
19
112
121
116
125
90
191
71
67
120
51
98
118
74
85
2
139
182
138
11
49
33
160
144
56
104
157
171
25
123
177
5
45
162
46
142
175
78
7
61
79
91
87
82
58
77
97
153
186
163
165
127
89
103
26
