167
184
53
152
170
34
55
18
62
124
128
110
86
185
22
130
95
9
199
183
174
140
4
149
101
28
59
20
23
60
148
47
154
94
66
57
172
179
52
166
194
88
176
180
26
103
89
127
114
137
165
163
186
153
119
159
143
81
77
97
141
91
79
61
58
50
14
41
111
37
35
109
0
12
29
39
160
33
49
11
139
182
138
157
104
56
8
68
82
87
171
25
123
177
7
5
45
142
78
175
162
46
80
190
105
136
73
164
54
31
193
151
117
198
30
42
156
24
1
197
16
27
38
102
63
100
17
44
133
10
178
191
90
125
121
19
112
116
98
51
120
67
71
147
192
150
6
188
65
169
132
126
13
145
15
3
161
70
84
155
189
