58
50
111
41
14
81
153
186
119
159
143
106
124
62
128
110
86
95
185
22
9
183
174
55
34
69
109
35
0
12
29
39
160
33
49
11
138
182
139
2
85
74
118
98
51
116
121
112
19
151
136
80
190
105
73
164
54
31
193
117
198
30
42
156
24
1
197
16
27
38
102
63
100
17
44
133
10
178
90
125
191
120
67
71
147
192
150
6
188
65
169
132
13
126
195
145
15
3
161
70
189
167
155
184
53
140
199
4
149
101
28
59
20
23
60
148
47
154
94
66
57
172
179
52
166
48
76
75
137
114
194
88
176
180
26
103
163
89
127
165
187
146
97
77
141
91
79
61
7
142
78
175
46
162
45
5
177
123
25
171
157
104
56
144
68
8
87
82
