169
65
188
6
150
192
85
2
139
11
182
138
49
33
160
39
29
12
0
109
35
37
41
111
68
8
56
104
157
171
177
123
25
158
116
98
51
125
90
191
120
67
71
178
10
133
44
17
100
32
102
63
92
38
27
16
42
30
198
156
24
197
1
131
121
112
19
73
164
31
54
151
117
193
136
105
190
80
46
162
45
142
175
78
5
7
61
79
91
87
82
58
50
14
81
77
97
153
186
119
159
143
129
163
165
127
89
103
26
180
176
88
194
114
137
75
76
48
166
86
110
128
124
62
18
55
174
183
140
199
9
95
185
22
179
52
172
57
66
94
154
47
148
60
23
20
59
28
101
149
4
53
184
155
167
189
70
161
3
15
145
13
126
