145
195
126
13
132
169
65
188
6
150
192
147
115
178
10
133
44
17
100
63
102
38
27
16
197
1
24
156
42
196
190
80
46
162
142
175
78
5
45
136
105
73
164
54
31
193
117
30
198
151
19
112
121
131
125
90
191
71
67
120
51
98
118
74
85
2
139
11
49
33
138
182
25
123
177
171
87
82
68
8
104
56
144
160
39
29
12
0
109
35
37
111
41
14
50
58
61
79
91
141
97
77
81
143
159
119
186
153
165
137
114
127
89
163
103
26
180
176
88
194
166
52
179
172
57
66
94
154
47
148
60
23
20
59
28
101
149
4
140
174
183
199
9
95
130
22
185
86
110
128
124
62
18
55
34
170
152
53
189
167
184
155
84
70
161
3
15
