74
85
2
134
192
150
6
188
65
169
132
161
70
3
15
145
13
126
195
168
139
11
49
33
160
144
56
104
8
68
111
41
119
159
143
106
124
128
62
18
55
34
35
12
39
29
0
109
69
189
167
155
184
53
174
183
140
199
4
149
101
28
59
20
23
60
148
47
154
94
66
57
172
52
179
22
130
95
86
166
48
76
75
137
114
194
88
176
180
26
103
89
127
165
163
186
153
81
14
50
82
87
58
77
97
141
91
79
61
7
142
78
175
46
162
45
5
123
177
171
157
138
182
25
158
116
121
112
19
151
54
31
164
73
136
80
190
105
193
117
198
30
42
156
24
1
197
16
27
38
102
63
100
17
44
133
10
178
191
90
125
71
67
120
51
98
118
