106
143
159
119
129
180
176
88
194
166
86
185
22
148
23
60
47
154
94
66
57
172
179
52
48
76
75
137
114
26
103
89
127
165
163
186
153
81
14
41
111
50
77
58
91
79
61
7
177
123
5
45
142
78
175
162
46
80
190
105
136
173
19
151
54
73
164
31
193
117
198
30
42
156
24
1
197
16
27
38
102
63
100
17
44
133
10
178
90
125
191
71
67
120
51
98
116
121
112
158
25
182
2
85
192
150
6
188
65
169
132
13
126
195
168
139
11
138
157
171
87
82
68
8
104
56
144
160
33
49
29
39
12
0
35
109
69
167
189
145
15
3
161
70
84
155
184
53
4
149
101
28
59
199
140
183
174
55
18
62
181
95
110
128
124
