89
165
127
137
75
48
52
179
172
57
66
94
154
47
148
60
23
20
59
28
101
149
4
140
199
9
22
185
95
174
53
184
155
167
189
145
15
3
70
161
65
188
169
132
13
126
195
168
43
2
134
6
150
192
85
74
118
98
51
120
67
71
125
90
191
178
10
133
44
17
100
63
102
38
27
16
197
1
24
156
42
30
198
117
193
105
190
80
136
73
164
31
54
151
19
112
121
116
158
25
182
138
157
171
177
123
5
45
162
46
142
175
78
7
61
79
91
141
97
77
58
87
82
50
14
41
111
68
8
104
56
144
160
33
11
49
29
39
12
0
109
35
143
159
119
153
186
129
106
124
34
55
18
62
128
110
86
166
194
88
176
180
26
103
163
