112
19
151
54
31
164
73
136
80
190
105
193
117
198
30
42
156
24
1
197
16
27
38
92
63
102
32
100
17
44
133
10
178
71
67
120
191
90
125
51
98
118
74
2
85
192
150
6
188
65
169
132
161
70
3
15
145
13
126
195
168
139
182
138
11
49
33
160
39
12
29
109
0
35
37
111
41
119
159
143
106
124
62
128
110
86
95
174
55
34
167
189
155
184
53
140
4
149
101
28
59
199
9
148
23
60
47
154
94
66
57
22
179
172
52
166
194
88
176
180
163
26
103
89
127
114
137
165
186
153
81
14
50
77
58
82
68
144
56
104
8
87
91
79
61
7
142
78
175
46
162
45
5
177
123
171
25
158
116
121
