76
75
137
114
127
165
89
163
103
26
113
194
88
180
176
86
185
22
130
95
110
128
62
124
106
143
159
119
186
153
97
77
58
82
87
91
79
61
7
177
123
25
171
157
104
56
8
68
111
50
14
41
37
35
109
0
12
29
39
160
33
49
138
182
11
139
2
85
74
118
98
51
120
67
71
191
90
125
131
121
112
19
151
198
30
117
193
54
31
164
73
105
136
45
142
78
175
162
46
80
190
196
42
156
24
1
197
16
27
38
102
63
100
17
44
133
10
178
115
147
192
150
6
188
65
169
126
13
145
15
161
70
3
84
155
189
167
184
53
152
170
34
55
174
183
140
199
4
149
101
28
59
20
23
60
148
47
154
94
66
57
172
179
52
166
48
