49
33
160
39
29
109
35
0
12
144
56
104
8
68
87
82
58
50
111
41
119
159
143
106
124
128
62
18
55
34
69
189
167
155
184
53
174
183
140
199
4
149
101
28
59
20
23
60
148
47
154
94
66
57
172
52
179
22
130
95
110
86
176
180
88
194
166
48
76
75
137
114
26
103
163
89
127
165
186
153
81
77
97
141
91
79
61
7
177
171
25
123
5
78
175
142
45
162
46
80
190
105
136
73
164
54
31
193
196
42
16
27
38
102
63
100
17
44
133
10
178
122
32
135
131
1
197
24
156
30
198
117
151
19
112
121
116
125
90
191
71
67
120
51
98
118
74
2
85
192
150
6
188
65
169
132
161
70
3
15
145
13
126
195
168
139
182
138
11
