146
187
165
89
127
114
137
75
76
48
166
52
179
172
57
66
94
154
47
148
60
23
20
59
28
101
149
4
199
140
183
174
53
184
155
84
70
161
3
15
145
13
126
132
169
65
188
6
150
192
147
115
178
10
133
44
17
100
32
102
63
92
38
27
16
197
1
24
156
42
196
105
190
80
46
162
175
78
142
45
136
73
164
54
31
193
117
30
198
151
19
112
121
116
125
90
191
71
67
120
51
98
118
74
85
2
139
11
182
138
49
33
160
39
29
12
0
35
109
69
189
167
34
55
18
62
124
128
110
185
22
130
95
86
176
180
88
194
113
26
103
163
186
153
119
159
143
41
111
68
8
56
104
157
171
25
123
177
7
61
79
91
87
82
58
50
14
81
77
97
