161
132
169
65
188
6
150
192
147
115
178
10
133
44
17
100
63
102
38
27
16
197
1
24
156
42
196
190
80
46
162
175
78
142
45
136
105
73
164
54
31
193
117
30
198
151
19
112
121
131
125
90
191
71
67
120
51
98
118
74
85
2
139
182
138
11
49
33
160
144
56
104
8
68
82
58
87
171
25
123
177
7
61
79
91
141
97
77
50
14
41
111
37
35
109
0
12
39
29
143
159
119
106
124
62
128
110
86
176
180
88
194
113
26
103
89
163
186
153
165
127
114
137
75
76
48
166
52
179
172
57
66
94
154
47
148
60
23
20
59
28
101
149
4
140
199
9
22
185
95
174
55
34
170
152
53
184
155
167
189
195
126
13
145
15
3
70
