101
149
4
199
140
183
174
53
152
170
34
55
18
62
181
95
130
22
185
86
110
128
124
106
143
159
119
41
111
37
35
109
0
12
39
29
69
189
167
184
155
84
70
161
3
15
145
13
126
132
169
65
188
6
150
192
85
2
74
118
98
51
120
67
71
191
90
125
178
10
133
44
17
100
63
96
32
102
38
27
16
197
1
24
156
42
196
105
190
80
46
162
142
175
78
5
45
136
73
164
54
31
193
117
30
198
151
19
112
121
116
158
25
123
177
171
157
138
182
139
11
49
33
160
144
56
104
8
68
82
87
21
61
79
91
141
97
77
58
50
14
81
153
186
165
137
114
127
89
163
103
26
180
176
88
194
166
52
179
172
57
66
94
154
47
148
60
23
20
59
28
