57
66
94
154
47
148
60
23
20
59
28
101
149
4
199
140
183
174
53
184
155
167
189
145
15
3
70
161
132
13
126
195
168
43
2
85
134
169
65
188
6
150
192
147
115
178
10
133
44
17
100
63
102
32
135
131
125
90
191
71
67
120
51
98
118
74
182
25
158
116
121
112
19
73
164
151
54
31
193
117
198
30
156
24
1
197
16
38
27
42
196
105
136
190
80
46
162
45
142
175
78
5
7
61
79
91
177
123
171
87
82
68
8
104
56
144
160
33
138
11
49
29
39
12
0
35
109
69
34
55
18
62
128
124
106
143
159
119
186
153
81
14
41
111
50
58
77
97
146
187
165
127
89
163
103
26
180
176
88
194
114
137
75
76
48
166
86
110
95
130
22
179
52
172
