117
198
30
42
156
24
1
197
16
27
38
102
32
96
63
100
17
44
133
10
178
191
90
125
51
120
67
71
147
192
150
6
188
65
169
132
126
13
145
15
161
70
3
84
155
184
167
189
53
152
170
34
55
18
62
124
128
110
86
185
22
130
95
9
199
183
174
140
4
149
101
28
59
20
23
60
148
47
154
94
66
57
172
179
52
166
194
88
176
180
26
103
89
127
114
137
165
163
186
153
97
77
58
87
82
50
14
81
119
159
143
35
109
0
29
39
12
37
41
111
68
8
56
104
157
171
177
91
79
61
7
142
78
175
46
162
45
5
123
25
182
138
33
160
49
11
139
2
85
74
118
98
116
121
112
19
151
54
31
164
73
136
80
190
105
193
