150
6
188
65
169
132
13
126
195
145
15
161
70
3
84
155
189
167
184
53
152
170
34
55
174
95
185
22
9
199
140
4
149
101
28
59
20
23
60
148
47
154
94
66
57
172
179
52
166
48
76
75
137
114
127
89
165
153
186
163
103
26
113
194
88
180
176
86
110
128
62
124
106
119
159
143
29
39
12
0
109
35
37
41
14
50
111
68
8
56
104
144
160
33
49
11
139
182
138
157
171
87
82
58
77
97
141
91
79
61
7
177
123
5
78
175
142
45
162
46
80
190
105
136
73
164
54
31
193
117
30
42
27
38
16
197
1
156
24
198
151
19
112
121
116
158
25
2
85
74
118
98
51
120
67
71
191
90
125
131
135
32
102
63
100
17
44
133
10
178
115
147
192
