33
49
29
39
12
0
109
35
143
159
119
106
124
62
128
110
64
176
180
88
194
166
86
95
130
22
174
55
34
69
189
167
155
184
53
140
183
9
199
4
149
101
28
59
20
23
60
148
47
154
94
66
57
172
52
48
76
75
137
114
26
103
89
127
165
163
186
153
97
77
58
87
82
50
14
41
111
68
8
56
104
157
171
177
91
79
61
7
142
78
175
46
162
45
5
123
25
158
116
121
112
19
151
54
31
164
73
136
80
190
105
193
117
198
30
42
156
24
1
197
16
27
38
131
125
191
90
122
32
102
63
100
17
44
133
10
178
115
147
192
150
6
188
65
169
132
161
70
3
15
145
13
126
195
168
43
2
85
71
67
120
51
98
118
74
139
11
182
138
