61
7
142
78
175
46
162
45
5
177
123
25
158
116
121
112
19
151
54
31
164
73
136
80
190
105
193
117
198
30
42
156
24
1
197
16
27
38
92
63
102
32
100
17
44
133
10
178
71
67
120
191
90
125
51
98
118
74
2
85
192
150
6
188
65
169
132
13
126
195
145
15
3
161
70
189
167
155
184
53
152
170
34
55
174
183
140
4
149
101
28
59
199
9
95
185
22
148
23
60
47
154
94
66
57
172
52
166
48
76
75
137
114
127
165
89
163
103
26
113
194
88
180
176
86
110
128
62
124
106
143
159
119
186
153
97
77
81
14
41
111
37
35
0
109
29
12
39
160
33
49
11
139
182
138
157
171
104
56
8
68
82
58
87
91
79
