38
102
32
96
63
100
17
44
133
10
178
191
90
125
120
67
71
147
192
150
6
188
65
169
132
13
126
195
145
15
3
161
70
84
155
189
167
184
53
152
170
34
55
174
95
185
22
9
199
140
4
149
101
28
59
20
23
60
148
47
154
94
66
57
172
179
52
166
48
76
75
137
114
127
165
89
163
103
26
113
194
88
180
176
86
110
128
62
124
106
119
159
143
29
39
12
0
109
35
37
41
111
50
14
81
153
186
97
77
58
82
68
144
56
104
8
87
91
79
61
7
177
123
25
171
157
182
138
33
160
49
11
139
2
85
74
118
98
51
116
121
112
19
151
198
30
117
193
54
31
164
73
136
45
142
78
175
162
46
80
190
105
196
42
156
24
1
197
16
27
