136
73
164
54
31
193
151
117
198
30
156
24
197
1
131
19
112
121
116
51
98
118
74
85
2
139
11
49
160
33
138
182
25
123
177
171
157
104
56
8
68
82
58
87
21
61
79
91
141
97
77
81
14
41
111
37
35
109
0
12
39
29
143
159
119
106
124
62
128
110
86
176
180
88
194
113
26
103
89
163
186
153
165
127
114
137
75
76
48
166
52
179
172
57
66
94
154
47
148
60
23
20
59
28
101
149
4
140
199
9
22
185
95
174
55
34
170
152
53
184
167
189
155
84
70
161
3
15
145
195
126
13
132
169
65
188
6
150
192
147
71
67
120
125
90
191
178
10
133
44
17
100
63
96
32
102
38
27
16
42
196
105
190
80
46
162
142
175
78
5
45
