46
142
175
78
7
61
79
91
141
97
77
58
87
82
8
68
50
14
41
111
37
35
109
0
12
39
29
143
159
119
106
124
62
128
110
86
176
180
88
194
113
26
103
89
163
186
153
165
127
114
137
75
76
48
166
52
179
172
57
66
94
154
47
148
60
23
20
59
28
101
149
4
140
199
9
22
185
95
174
55
34
170
152
53
184
155
167
189
70
161
3
15
145
195
126
13
132
169
65
188
6
150
192
147
115
10
44
133
178
71
67
120
191
90
125
131
122
17
100
63
96
32
102
38
27
16
197
1
24
156
42
30
198
117
193
105
190
80
136
73
164
31
54
151
19
112
121
116
51
98
118
74
85
2
139
182
138
11
49
33
160
144
56
104
157
171
25
123
177
5
45
162
