140
199
9
148
60
23
20
59
28
101
149
4
53
184
155
167
189
69
109
35
0
12
29
39
160
33
49
11
138
182
139
2
85
134
43
168
195
126
13
145
15
3
70
161
132
169
65
188
6
150
192
147
71
67
98
51
125
90
191
178
10
133
44
17
100
63
102
38
27
16
197
1
24
156
42
30
198
117
193
105
190
80
136
73
164
31
54
151
19
112
121
116
158
25
123
5
45
162
46
142
175
78
7
61
79
91
177
171
157
104
56
144
68
8
87
82
58
50
111
41
14
81
77
97
153
186
119
159
143
129
163
165
127
89
103
26
114
137
75
76
48
166
194
88
180
176
86
185
179
52
172
57
66
154
94
22
130
95
110
128
124
62
18
55
174
183
