109
0
29
39
12
49
33
160
144
56
104
171
157
138
182
11
139
2
85
134
43
168
195
126
13
145
15
3
70
161
132
169
65
188
6
150
192
147
115
178
10
133
44
17
100
63
102
38
27
16
197
1
24
156
42
196
190
80
46
162
175
78
142
45
136
105
73
164
54
31
193
117
30
198
151
19
112
121
131
125
90
191
71
67
120
51
98
116
158
25
123
177
7
61
79
91
87
82
58
77
50
8
68
111
41
14
81
153
186
163
165
137
114
127
89
103
26
180
176
88
194
166
52
179
172
57
66
94
154
47
148
60
23
20
59
28
101
149
4
53
184
155
167
189
69
34
55
174
183
140
199
9
22
185
95
86
110
128
62
124
106
119
159
143
35
