38
27
16
197
1
24
156
42
30
198
117
193
105
190
80
136
73
164
31
54
151
19
112
121
116
125
90
191
71
67
120
51
98
118
74
85
2
139
11
49
33
138
182
25
123
5
45
162
46
142
175
78
7
177
171
157
104
56
8
68
82
87
21
61
79
91
58
77
81
14
41
111
144
160
39
29
12
0
35
109
143
159
119
153
186
163
165
127
89
103
26
180
176
88
194
114
137
75
76
48
166
64
124
62
128
110
86
95
130
22
179
52
172
57
66
94
154
47
148
60
23
20
59
199
28
101
149
4
140
183
174
55
34
170
152
53
184
167
189
155
84
70
161
3
15
145
195
126
13
132
169
65
188
6
150
192
147
115
178
10
133
44
17
100
63
102
