51
120
67
71
178
10
133
44
17
100
63
102
32
122
90
191
125
131
121
112
19
151
198
24
156
1
197
16
38
27
42
30
117
193
31
54
164
73
136
105
190
80
46
162
45
142
175
78
5
7
61
79
91
87
82
58
77
97
153
186
129
180
176
88
194
113
26
103
163
89
165
127
137
75
76
48
166
52
179
172
57
66
94
154
47
148
60
23
20
59
28
101
149
4
199
140
183
174
53
184
155
84
3
70
161
132
169
65
188
6
150
192
85
2
43
168
195
126
13
145
15
189
167
69
34
55
18
62
181
95
130
22
185
86
110
128
124
106
143
159
119
81
14
41
37
35
109
0
12
29
39
111
68
8
104
56
144
160
33
49
11
139
182
138
157
171
177
123
25
158
116
98
