95
130
22
179
52
172
57
66
94
154
47
148
60
23
20
59
28
101
149
4
199
140
183
174
53
184
155
84
70
161
3
15
145
13
126
132
169
65
188
6
150
192
147
115
178
10
133
44
17
100
63
102
32
135
131
90
191
125
71
67
120
51
98
116
121
112
19
173
136
73
164
193
31
54
151
117
198
30
156
24
1
197
16
38
27
42
196
105
190
80
46
162
45
142
175
78
5
7
61
79
91
141
77
97
146
187
165
163
89
127
137
114
103
26
113
194
88
180
176
129
186
153
119
159
143
37
111
41
14
50
58
82
87
8
68
144
56
104
157
171
177
123
25
138
182
139
11
49
33
160
39
29
12
0
35
109
69
189
167
34
55
18
62
124
128
110
86
