114
103
26
180
176
88
194
166
52
179
172
57
66
94
154
47
60
23
148
22
185
86
110
95
9
199
59
28
101
149
4
140
183
174
53
184
155
167
189
69
34
55
18
62
128
124
106
143
159
119
81
14
50
111
41
37
35
109
0
12
39
29
49
11
139
168
195
126
13
145
15
3
70
161
132
169
65
188
6
150
192
85
2
182
138
33
160
144
68
8
56
104
157
171
177
123
25
158
116
98
51
125
90
191
120
67
71
178
10
133
44
17
100
32
102
63
92
38
27
16
42
30
198
156
24
197
1
131
121
112
19
73
164
31
54
151
117
193
136
105
190
80
46
162
45
142
175
78
5
7
61
79
91
87
82
58
77
97
153
186
163
89
165
127
137
