126
132
169
65
188
6
150
192
2
85
74
118
98
51
120
67
71
125
90
191
178
10
133
44
17
100
63
102
38
27
16
197
1
24
156
42
30
198
117
193
105
190
80
136
73
164
31
54
151
19
112
121
116
158
25
123
5
45
162
46
142
175
78
7
177
171
157
138
182
139
11
49
33
160
144
56
104
8
68
82
58
87
21
61
79
91
141
77
97
146
187
165
127
89
103
26
163
186
153
81
14
41
111
37
12
39
29
0
109
35
143
159
119
106
124
62
128
110
64
176
180
88
194
114
137
75
76
48
166
86
95
130
22
179
52
172
57
66
94
154
47
148
60
23
20
59
28
101
149
4
140
199
9
183
174
55
34
170
152
53
184
155
167
189
70
161
3
15
145
13
