121
116
98
51
120
67
71
125
90
191
178
10
133
44
17
100
63
96
32
102
38
27
16
197
1
24
156
42
30
198
117
193
151
54
31
164
73
136
105
190
80
46
162
45
142
175
78
5
7
61
79
91
141
77
97
146
187
165
127
89
163
103
26
180
176
88
194
114
137
75
76
48
166
52
179
172
57
66
94
154
47
148
60
23
20
59
28
101
149
4
199
140
53
152
170
34
55
174
183
9
22
185
95
86
110
128
62
124
106
143
159
119
186
153
81
14
41
111
50
58
87
82
68
8
104
56
144
160
33
49
29
39
12
0
35
109
69
189
167
184
155
84
70
161
3
15
145
13
126
132
169
65
188
6
150
192
85
2
139
11
182
138
157
171
177
123
25
158
19
112
