41
119
159
143
106
124
128
110
86
185
22
130
95
181
62
18
55
34
35
12
39
29
0
109
69
189
167
155
184
53
174
183
140
199
4
149
101
28
59
20
23
60
148
47
154
94
66
57
172
179
52
166
194
88
176
180
26
103
163
89
127
114
137
165
186
153
81
14
50
77
58
82
87
91
79
61
177
7
5
78
175
142
45
162
46
80
190
105
136
73
164
54
31
193
151
117
198
30
42
156
24
1
197
16
27
38
102
63
100
17
44
133
10
178
115
147
192
150
6
188
65
169
132
161
70
3
15
145
13
126
195
168
43
2
85
74
118
98
51
120
67
71
191
90
125
131
19
112
121
116
158
25
182
138
11
49
33
160
144
56
171
157
104
8
68
111
