123
25
158
116
121
112
19
151
198
30
117
193
54
31
164
73
136
45
5
78
175
142
162
46
80
190
105
196
42
156
24
1
197
16
27
38
102
32
96
63
100
17
44
133
10
178
115
147
192
150
67
71
191
90
125
51
98
118
74
85
2
182
138
33
160
49
11
139
168
195
126
188
65
169
132
13
145
15
3
161
70
84
155
189
167
184
53
152
170
34
55
174
183
140
4
149
101
28
199
59
20
23
60
148
47
154
94
66
57
172
52
179
22
130
95
86
110
128
62
124
106
119
159
143
29
39
12
0
109
35
37
41
111
50
14
81
153
186
129
180
176
88
194
166
48
76
75
137
114
26
103
163
89
127
165
187
146
97
77
58
91
79
61
21
87
82
68
8
56
104
157
171
177
