29
12
0
35
109
39
49
11
139
168
195
126
13
132
169
65
188
6
150
192
85
2
182
138
33
160
144
56
104
8
68
82
87
171
25
158
112
121
116
98
51
120
67
71
191
125
90
178
10
133
44
17
100
63
102
38
27
16
197
1
24
156
42
30
198
117
193
31
164
73
54
151
19
173
136
105
190
80
46
162
175
78
142
45
5
123
177
7
61
79
91
141
97
77
58
50
14
41
111
37
159
143
124
106
119
186
153
165
163
89
127
103
26
180
176
88
194
114
137
75
76
48
166
86
110
128
181
95
130
22
179
52
172
57
66
94
154
47
148
60
23
20
59
28
101
149
4
199
140
183
174
83
62
18
55
34
170
152
53
184
155
84
70
161
3
15
145
189
167
69
