87
171
177
7
142
78
175
46
162
45
5
123
25
158
116
121
112
19
151
54
31
164
73
136
80
190
105
193
117
198
30
42
156
24
1
197
16
27
38
102
63
100
17
44
133
10
178
191
90
125
51
98
67
71
147
192
150
6
188
65
169
132
161
70
3
15
145
13
126
195
168
43
134
85
2
139
182
138
11
49
33
160
144
56
104
8
68
111
37
35
109
0
12
39
29
69
189
167
155
184
53
152
170
34
55
174
183
140
4
149
101
28
199
59
20
23
60
148
47
154
94
66
57
172
52
179
22
130
95
86
166
48
76
75
137
114
194
88
176
180
26
103
127
89
163
165
153
186
129
64
110
128
62
124
106
143
159
119
41
14
50
77
97
141
91
79
61
58
82
