172
52
179
22
130
95
110
86
166
48
76
75
137
114
194
88
176
180
26
103
163
89
127
165
187
146
97
77
58
50
111
41
14
81
153
186
119
159
143
106
124
128
62
18
55
34
69
109
35
0
12
39
29
49
11
138
33
160
144
56
104
8
68
82
87
171
123
177
91
79
61
7
5
78
175
142
45
162
46
80
190
136
105
196
42
27
38
16
197
1
24
156
30
198
117
193
31
54
151
164
73
19
112
121
116
158
25
182
74
118
98
51
120
67
71
191
90
125
131
135
32
102
63
100
17
44
133
10
178
115
147
192
150
6
188
65
169
134
85
2
43
168
195
126
13
132
161
70
3
15
145
189
167
155
184
53
174
183
140
199
4
149
101
28
59
20
23
60
148
47
154
94
66
57
