24
197
1
198
30
117
193
105
190
80
136
73
164
31
54
151
19
112
121
116
51
98
118
74
85
2
139
11
49
160
33
138
182
157
171
177
123
5
45
162
46
142
175
78
7
61
79
91
87
8
104
56
144
68
82
58
77
97
186
153
81
14
50
111
41
37
35
109
0
12
39
29
143
159
119
106
124
62
128
110
86
176
180
88
194
113
26
103
163
89
165
127
114
137
75
76
48
166
52
179
172
57
66
94
154
47
148
60
23
20
59
28
101
149
4
140
199
9
22
185
95
174
55
34
170
152
53
184
167
189
155
84
70
161
3
15
145
195
126
13
132
169
65
188
6
150
192
147
71
67
120
125
90
191
178
10
133
44
17
100
63
96
32
102
38
27
16
42
156
