8
68
111
41
14
81
153
186
165
137
114
127
89
163
103
26
180
176
88
194
166
52
179
172
57
66
94
154
47
148
60
23
20
59
28
101
149
4
140
199
9
95
130
22
185
86
110
181
174
53
184
155
167
189
69
34
55
18
62
128
124
106
119
159
143
35
109
0
12
29
39
160
33
49
11
138
182
139
168
195
126
13
145
15
3
70
161
132
169
65
188
6
150
192
85
2
74
118
98
51
120
67
71
125
90
191
178
10
133
44
17
100
63
96
32
102
38
27
16
197
1
24
156
42
196
105
190
80
46
162
175
78
142
45
136
73
164
54
31
193
117
30
198
151
19
112
121
116
158
25
123
177
7
61
79
91
141
97
77
58
82
87
171
157
104
56
