37
111
41
143
159
119
129
180
176
88
194
166
86
185
22
130
95
110
128
124
62
18
55
34
69
189
167
155
184
53
174
183
140
199
4
149
101
28
59
20
23
60
148
47
154
94
66
57
172
179
52
48
76
75
137
114
26
103
89
127
165
163
186
153
81
14
50
77
58
82
68
8
56
104
157
171
177
21
87
91
79
61
7
142
78
175
46
162
45
5
123
25
158
116
121
112
19
151
54
31
164
73
136
80
190
105
193
117
198
30
42
156
24
1
197
16
27
38
102
63
100
17
44
133
10
178
71
67
120
191
90
125
51
98
118
74
2
85
192
150
6
188
65
169
132
161
70
3
15
145
13
126
195
168
139
182
138
11
49
33
160
39
29
12
0
109
35
