62
18
55
34
167
189
69
109
35
0
12
29
39
160
33
49
11
139
182
138
25
123
177
171
157
104
56
8
68
82
87
58
50
111
41
119
159
143
106
124
128
110
86
176
180
88
194
113
26
103
114
137
127
165
89
163
186
153
81
77
97
141
91
79
61
7
5
78
175
142
45
162
46
80
190
105
196
42
27
38
16
197
1
24
156
30
198
117
151
54
31
193
164
73
136
173
19
112
121
116
98
51
120
67
71
125
191
90
131
135
32
102
63
100
17
44
133
10
178
115
147
192
150
6
188
65
169
132
126
13
145
15
3
161
70
84
155
184
53
4
149
140
183
9
199
101
28
59
20
23
60
148
47
154
94
66
57
172
52
179
22
130
95
181
