12
39
29
0
109
35
143
159
119
106
124
62
128
110
86
95
185
22
9
199
140
183
174
55
34
69
189
167
155
184
53
4
149
101
28
59
20
23
60
148
47
154
94
66
57
172
179
52
166
194
88
176
180
26
103
89
127
114
137
165
163
186
153
81
14
41
111
68
8
50
77
58
82
87
91
79
61
7
177
123
25
158
116
98
51
120
67
71
191
90
125
131
121
112
19
151
198
30
117
193
54
31
164
73
105
136
45
142
78
175
162
46
80
190
196
42
156
24
1
197
16
27
38
102
63
100
17
44
133
10
178
115
147
192
150
6
188
65
169
132
161
70
3
15
145
13
126
195
168
43
134
85
2
139
11
182
138
157
171
104
56
144
160
33
49
