67
120
51
98
118
74
85
2
139
182
138
11
49
33
160
39
12
0
35
109
29
195
126
6
192
150
188
65
169
132
13
145
15
3
161
70
189
167
155
184
53
152
170
34
55
18
62
124
128
110
95
185
22
9
183
140
199
4
149
101
28
59
20
23
60
148
47
154
94
66
57
172
179
52
166
176
180
88
194
76
75
137
114
127
165
89
103
26
163
186
153
119
159
143
41
111
144
56
104
8
68
82
87
58
50
14
81
77
97
141
91
79
61
7
142
78
175
46
162
45
5
123
177
171
25
158
116
121
112
19
151
54
31
164
73
136
80
190
105
193
117
198
30
42
156
24
1
197
16
27
38
102
32
96
63
100
17
44
133
10
178
122
131
125
90
191
71
