45
142
78
175
162
46
80
190
105
136
73
164
54
31
193
117
30
198
151
19
112
121
131
24
156
1
197
16
27
38
102
63
100
17
44
133
10
178
191
90
125
120
67
71
147
192
150
6
188
65
169
132
126
13
145
15
161
70
3
84
155
184
167
189
69
34
170
152
53
4
149
101
28
59
20
23
60
148
47
154
94
66
57
172
52
179
22
130
95
9
199
140
183
174
55
18
62
124
128
110
86
166
48
76
75
137
114
127
165
89
103
26
113
194
88
176
180
163
186
153
119
159
143
14
50
111
41
37
35
109
0
12
29
39
160
144
68
8
104
56
33
49
11
138
182
139
2
85
74
118
98
51
116
158
25
171
87
82
58
77
97
141
91
79
61
177
7
5
