84
155
184
167
189
69
109
35
0
12
29
39
160
33
49
11
139
182
138
157
171
104
56
8
68
82
87
58
50
111
41
14
81
153
186
119
159
143
106
124
62
128
110
86
95
185
22
9
183
174
55
34
170
152
53
140
199
4
149
101
28
59
20
23
60
148
47
154
94
66
57
172
179
52
166
48
76
75
137
114
194
88
176
180
26
103
163
89
127
165
187
146
97
77
141
91
79
61
7
177
123
5
78
175
142
45
162
46
80
190
136
105
196
42
27
38
16
197
1
24
156
30
198
117
193
31
54
151
164
73
19
112
121
116
158
25
74
2
85
98
51
120
67
71
191
90
125
131
135
32
102
63
100
17
44
133
10
178
115
147
192
150
6
188
65
169
132
13
126
195
145
15
3
161
70
