56
104
157
171
177
123
25
158
19
112
121
116
98
51
120
67
71
191
90
125
131
122
178
10
133
44
17
100
63
96
32
102
38
27
16
197
1
24
156
42
30
198
117
151
54
31
193
164
73
136
105
190
80
46
162
45
142
175
78
5
7
61
79
91
141
97
77
58
50
14
81
153
186
165
137
114
127
89
163
103
26
180
176
88
194
166
52
179
172
57
66
94
154
47
148
60
23
20
59
28
101
149
4
199
140
183
174
53
184
155
84
3
70
161
15
145
13
126
169
65
188
6
150
192
85
2
139
11
182
138
49
33
160
39
29
12
0
35
109
69
189
167
34
55
18
62
181
95
130
22
185
86
110
128
124
106
143
159
119
41
111
68
8
82
87
