116
158
25
182
138
11
49
33
160
39
29
12
0
35
109
69
167
189
145
15
3
161
70
84
155
184
53
152
170
34
55
18
62
124
128
110
86
185
22
130
95
9
199
183
174
140
4
149
101
28
59
20
23
60
148
47
154
94
66
57
172
179
52
166
194
88
176
180
26
103
163
89
127
114
137
165
153
186
119
159
143
81
77
97
141
91
79
61
58
50
14
41
111
144
56
104
8
68
82
87
171
123
177
7
5
78
175
142
45
162
46
80
190
105
136
73
164
54
31
193
117
151
19
112
121
131
1
197
24
156
198
30
42
16
27
38
92
63
102
32
100
17
44
133
10
178
115
147
192
150
6
188
65
169
132
13
126
195
168
43
2
85
120
67
71
191
90
125
51
98
