174
183
140
199
59
28
101
149
4
53
184
155
84
70
161
3
15
145
189
167
69
109
35
0
12
39
29
49
33
160
144
56
104
8
68
82
87
171
157
138
11
139
168
195
126
13
132
169
65
188
6
150
192
85
2
182
25
158
112
121
116
98
51
120
67
71
191
125
90
178
10
133
44
17
100
63
102
38
27
16
197
1
24
156
42
30
198
117
193
31
164
73
54
151
19
173
136
105
190
80
46
162
175
78
142
45
5
123
177
7
61
79
91
58
77
50
111
41
14
81
153
186
163
165
127
89
103
26
114
137
75
76
48
52
179
172
57
66
94
154
47
60
23
148
22
185
95
110
86
166
194
88
176
180
129
119
159
143
106
124
128
62
18
55
