198
156
42
30
117
193
105
190
80
136
73
164
31
54
151
19
112
121
131
125
51
98
118
74
85
2
139
182
138
11
49
33
160
39
29
12
0
109
35
37
41
111
68
8
56
104
157
171
25
123
177
5
45
162
46
142
175
78
7
61
79
91
87
82
58
77
50
14
143
159
119
186
153
165
127
89
163
103
26
114
137
75
76
48
166
194
88
180
176
86
110
128
124
62
18
55
174
95
130
22
179
52
172
57
66
94
154
47
148
60
23
20
59
199
28
101
149
4
140
53
184
155
167
189
70
161
3
15
145
195
126
13
132
169
65
188
6
150
192
147
71
67
120
191
90
178
10
133
44
17
100
63
96
32
102
38
27
16
197
1
24
