79
91
87
58
82
68
8
56
104
171
157
138
182
139
11
49
33
160
39
12
29
109
0
35
37
111
41
14
81
77
97
153
186
119
159
143
106
124
62
128
110
86
176
180
88
194
113
26
103
163
89
165
127
114
137
75
76
48
166
52
172
57
66
94
154
47
60
23
148
22
185
95
9
199
59
28
101
149
4
140
183
174
55
34
170
152
53
184
155
167
189
70
161
3
15
145
195
126
13
132
169
65
188
6
150
192
85
2
74
118
98
51
125
90
191
120
67
71
178
10
133
44
17
100
32
102
63
92
38
27
16
197
1
24
156
42
30
198
117
193
105
190
80
136
73
164
31
54
151
19
112
121
116
158
25
123
177
5
45
162
46
142
175
78
7
61
