151
54
31
164
73
136
80
190
105
193
117
198
30
42
156
24
1
197
16
27
38
102
32
96
63
100
17
44
133
10
178
71
67
120
191
90
125
51
98
118
74
2
85
192
150
6
188
65
169
132
13
126
195
145
15
161
70
3
189
167
155
184
53
152
170
34
55
18
62
181
95
174
183
140
199
4
149
101
28
59
20
23
60
148
47
154
94
66
57
172
52
179
22
185
86
166
48
76
75
137
114
194
88
180
176
64
110
128
124
106
143
159
119
153
186
163
26
103
89
127
165
187
146
97
77
81
14
50
111
41
37
35
109
0
12
29
39
160
33
49
11
139
182
138
157
104
56
8
68
82
58
87
171
177
91
79
61
7
142
78
175
46
162
45
5
123
25
158
116
121
112
19
