182
139
168
195
126
13
145
15
3
70
161
132
169
65
188
6
150
192
85
2
74
118
98
51
120
67
71
191
90
125
116
121
112
19
151
117
198
30
156
24
197
1
131
135
32
122
178
10
133
44
17
100
63
102
38
27
16
42
196
193
31
54
164
73
136
105
190
80
46
162
45
142
175
78
5
123
25
171
177
7
61
79
91
141
97
77
81
153
186
165
127
89
163
103
26
114
137
75
76
48
166
194
88
180
176
86
110
95
130
22
179
52
172
57
66
94
154
47
148
60
23
20
59
28
101
149
4
199
140
183
174
53
184
155
167
189
69
34
55
18
62
128
124
106
143
159
119
41
111
50
58
82
87
68
8
104
56
144
12
0
35
109
29
39
160
33
49
11
138
