133
178
90
125
191
71
67
120
51
98
118
74
85
2
182
138
157
25
158
116
121
112
19
151
117
198
30
156
24
197
1
131
135
32
96
63
102
38
27
16
42
196
193
54
31
164
73
136
105
190
80
46
162
45
142
175
78
5
7
177
171
87
82
58
61
79
91
141
97
77
50
14
81
153
186
165
137
114
127
89
163
103
26
180
176
88
194
166
52
179
172
57
66
94
154
47
148
60
23
20
59
28
101
149
4
199
140
183
174
53
184
155
167
189
69
34
55
18
62
181
95
130
22
185
86
110
128
124
106
119
159
143
35
109
0
29
39
12
37
41
111
68
8
104
56
144
160
33
49
11
139
168
195
126
13
145
15
3
70
161
132
169
65
188
6
150
192
147
115
10
44
