7
5
78
175
142
45
162
46
80
190
136
105
196
42
27
38
16
197
1
24
156
30
198
117
193
31
54
151
164
73
19
112
121
116
98
51
120
67
71
191
90
125
131
135
32
102
63
100
17
44
133
10
178
115
147
192
150
6
188
65
169
132
161
70
3
84
155
184
53
4
149
101
28
59
199
140
183
174
55
18
62
124
128
181
95
110
86
185
22
148
23
60
47
154
94
66
57
172
179
52
166
88
176
180
194
76
75
137
114
26
103
163
89
127
165
187
146
97
77
58
50
14
81
153
186
119
159
143
41
111
37
35
109
0
12
39
29
69
167
189
15
145
13
126
195
168
43
2
182
138
11
49
33
160
144
56
104
8
68
82
87
171
25
123
177
91
79
61
