85
74
118
98
51
125
90
191
120
67
71
178
10
133
44
17
100
32
102
63
92
38
27
16
197
1
131
121
112
19
151
117
198
30
24
156
42
196
193
54
31
164
73
136
105
190
80
46
162
45
142
175
78
5
7
61
79
91
141
77
97
146
187
165
127
89
163
103
26
180
176
88
194
114
137
75
76
48
166
52
179
172
57
66
94
154
47
148
60
23
20
59
28
101
149
4
199
140
53
184
155
84
70
161
3
15
145
189
167
69
109
29
39
12
0
35
37
41
34
55
174
183
9
22
185
95
86
110
128
62
124
106
143
159
119
186
153
81
14
50
58
82
87
8
68
111
144
56
104
157
171
177
123
25
182
138
33
160
49
11
139
168
195
126
13
132
169
65
188
6
150
192
2
