97
141
91
79
61
7
78
175
142
162
46
80
190
105
136
73
164
54
31
193
117
198
30
42
156
24
1
197
16
27
38
102
63
100
17
44
133
10
178
115
147
192
150
6
188
65
169
132
13
126
195
168
43
2
85
74
118
98
51
120
67
71
191
90
125
131
121
116
158
25
112
19
151
173
45
5
123
177
171
157
138
182
139
11
49
33
160
144
104
56
68
8
87
82
58
50
14
41
111
37
12
39
29
0
109
35
143
159
119
106
124
128
62
18
55
34
69
167
189
145
15
3
161
70
84
155
184
53
174
183
140
199
4
149
101
28
59
20
23
60
148
47
154
94
66
57
172
52
179
22
130
95
110
86
166
194
88
176
180
26
103
114
137
127
165
89
163
186
153
77
