100
17
44
133
10
178
71
67
120
191
90
125
51
98
116
158
25
138
182
2
85
192
150
6
188
65
169
132
161
70
3
15
145
13
126
195
168
139
11
49
33
160
39
29
12
0
109
35
37
111
41
119
159
143
106
124
128
62
18
55
34
69
189
167
155
184
53
174
95
130
22
9
199
140
4
149
101
28
59
20
23
60
148
47
154
94
66
57
172
179
52
185
86
110
64
176
180
88
194
76
75
137
114
127
165
89
103
26
163
186
153
81
14
50
77
97
141
91
79
61
58
82
87
8
68
144
56
104
157
171
123
177
7
5
78
175
142
45
162
46
80
190
105
136
73
164
54
31
193
196
42
156
24
198
30
117
151
19
112
121
131
1
197
16
27
38
102
63
