189
155
84
70
161
3
15
145
13
126
132
169
65
188
6
150
192
147
71
67
120
51
98
116
112
19
121
125
90
191
178
10
133
44
17
100
63
102
38
27
16
197
1
24
156
42
30
198
117
193
151
54
31
164
73
136
105
190
80
46
162
175
78
142
45
5
7
177
123
25
171
87
82
68
8
56
104
157
138
182
139
11
49
33
160
39
29
12
0
109
35
37
111
41
14
50
58
61
79
91
141
97
77
81
143
159
119
153
186
163
165
137
114
127
89
103
26
180
176
88
194
166
52
179
172
57
66
94
154
47
148
60
23
20
59
28
101
149
4
140
174
183
199
9
95
130
22
185
86
110
128
124
62
18
55
34
170
152
53
184
167
