144
160
33
49
11
138
182
139
2
85
74
118
98
51
116
121
112
19
151
54
31
164
73
136
80
190
105
193
117
198
30
42
156
24
1
197
16
27
38
92
63
102
32
100
17
44
133
10
178
191
90
125
120
67
71
147
192
150
6
188
65
169
132
126
13
145
15
3
161
70
84
155
189
167
184
53
152
170
34
55
174
183
9
199
140
4
149
101
28
59
20
23
60
148
47
154
94
66
57
172
179
52
48
76
75
137
114
127
165
89
163
153
186
103
26
180
176
88
194
166
86
185
22
130
95
110
128
62
124
106
119
159
143
35
109
0
29
39
12
37
111
41
14
50
58
77
97
141
91
79
61
7
142
78
175
46
162
45
5
177
123
25
171
87
82
68
8
104
56
