78
142
45
5
7
177
61
79
91
141
97
77
58
82
87
171
25
158
116
51
98
118
74
85
2
139
182
138
11
49
33
56
104
8
68
144
160
39
29
12
0
109
35
37
41
111
50
14
143
159
119
153
186
163
180
176
88
194
113
26
103
89
165
127
114
137
75
76
48
166
86
110
128
124
62
18
55
174
183
140
199
9
95
130
22
179
52
172
57
66
94
154
47
148
60
23
20
59
28
101
149
4
53
152
170
34
69
189
167
184
155
84
3
70
161
15
145
13
126
132
169
65
188
6
150
192
147
71
67
120
125
90
191
178
10
133
44
17
100
63
102
38
27
16
197
1
156
24
131
121
112
19
151
198
30
117
193
54
31
164
73
136
105
190
80
46
162
175
