98
116
121
112
19
151
173
123
25
182
138
11
139
2
85
6
188
65
169
132
126
13
145
15
3
161
70
189
167
155
184
53
152
170
34
55
174
183
140
4
149
101
28
199
59
20
23
60
148
47
154
94
66
57
172
52
179
22
130
95
86
110
128
62
124
106
143
159
119
129
180
176
88
194
166
48
76
75
137
114
26
103
89
127
165
163
186
153
97
77
58
87
82
8
68
50
14
41
111
37
109
35
0
12
39
29
49
33
160
144
56
104
157
171
177
91
79
61
7
5
78
175
142
45
162
46
80
190
105
136
73
164
54
31
193
117
198
30
42
156
24
1
197
16
27
38
92
63
102
32
100
17
44
133
10
178
115
147
192
150
67
71
191
90
125
51
