25
158
116
121
112
19
131
125
90
191
71
67
120
51
98
118
74
85
2
43
168
195
126
13
145
15
3
70
161
132
169
65
188
6
150
192
147
115
178
10
133
44
17
100
63
102
38
27
16
197
1
24
156
42
30
198
117
193
151
54
31
164
73
136
105
190
80
46
162
45
142
175
78
5
7
177
123
171
87
82
68
8
104
56
144
111
41
14
50
58
61
79
91
141
97
77
81
143
159
119
186
153
165
137
114
127
89
163
103
26
180
176
88
194
166
52
179
172
57
66
94
154
47
148
60
23
20
59
28
101
149
4
140
174
183
199
9
95
130
22
185
86
110
128
124
62
18
55
34
170
152
53
184
155
167
189
69
109
35
0
12
29
39
160
33
49
11
138
182
