54
151
19
112
121
116
98
118
74
85
2
139
11
49
160
33
138
182
25
123
5
45
162
46
142
175
78
7
61
79
91
177
171
157
104
56
8
68
111
41
37
12
39
29
0
109
35
143
159
119
81
14
50
82
87
58
77
97
153
186
163
165
137
114
127
89
103
26
180
176
88
194
166
52
179
172
57
66
94
154
47
148
60
23
20
59
28
101
149
4
140
174
183
199
9
95
130
22
185
86
110
128
124
62
18
55
34
170
152
53
189
167
184
155
84
3
70
161
15
145
13
126
132
169
65
188
6
150
192
147
71
67
120
51
125
90
191
178
10
133
44
17
100
63
96
32
102
38
27
16
197
1
24
156
42
30
198
117
193
105
190
80
136
73
164
31
