62
128
124
106
143
159
119
129
163
186
153
81
14
50
58
77
97
141
91
79
61
21
87
82
8
68
111
41
37
35
109
0
12
29
39
160
33
49
11
139
182
138
144
56
104
157
171
177
7
142
78
175
46
162
45
5
123
25
158
116
121
112
19
151
54
31
164
73
136
80
190
105
193
117
198
30
42
156
24
1
197
16
27
38
102
63
100
17
44
133
10
178
191
90
125
71
67
120
51
98
118
74
85
2
192
150
6
188
65
169
132
13
126
195
145
15
3
161
70
84
155
189
167
184
53
4
149
101
28
59
20
23
60
148
47
154
94
66
57
172
179
52
48
76
75
137
114
127
165
89
103
26
180
176
88
194
166
86
110
95
185
22
9
199
140
183
174
55
18
