147
192
150
6
188
65
169
132
161
70
3
15
145
13
126
195
168
43
134
85
2
139
11
49
33
160
144
56
104
8
68
82
87
58
50
14
81
153
186
119
159
143
106
124
62
128
110
86
95
185
22
9
183
174
55
34
41
37
35
109
0
12
39
29
69
189
167
155
184
53
140
199
4
149
101
28
59
20
23
60
148
47
154
94
66
57
172
179
52
166
48
76
75
137
114
194
88
176
180
26
103
163
89
127
165
187
146
97
77
141
91
79
61
7
142
78
175
46
162
45
5
123
177
171
157
138
182
25
158
98
51
116
121
112
19
151
54
31
164
73
136
80
190
105
193
117
198
30
42
156
24
1
197
16
27
38
102
63
100
17
44
133
10
178
90
125
191
120
67
71
