10
133
44
17
100
63
96
32
102
38
27
16
197
1
24
156
42
30
198
117
193
105
190
80
136
73
164
31
54
151
19
112
121
116
158
25
171
177
123
5
45
162
46
142
175
78
7
61
79
91
141
97
77
81
14
50
58
87
82
68
8
104
56
144
111
41
143
159
119
153
186
163
26
103
89
165
127
114
137
75
76
194
88
180
176
166
52
179
172
57
66
94
154
47
148
60
23
20
59
28
101
149
4
199
140
183
9
22
185
95
110
128
124
62
18
55
34
170
152
53
184
155
167
189
70
161
3
15
145
13
132
65
188
169
126
195
29
109
35
0
12
39
160
33
49
11
138
182
139
2
85
74
118
98
51
125
90
191
71
67
150
192
147
178
