53
184
155
167
189
69
34
55
174
183
140
199
9
95
130
22
185
86
110
128
62
124
143
159
119
176
180
88
194
113
26
103
89
163
186
153
81
14
41
111
37
35
109
0
12
29
39
160
33
49
11
138
182
139
2
85
134
43
168
195
126
13
145
15
3
70
161
132
169
65
188
6
150
192
147
71
67
98
51
125
90
191
178
10
133
44
17
100
63
102
38
27
16
197
1
24
156
42
30
198
117
193
105
190
80
136
73
164
31
54
151
19
112
121
116
158
25
123
5
45
162
46
142
175
78
7
61
79
91
87
21
177
171
157
104
56
8
68
82
58
77
97
146
187
165
127
114
137
75
76
48
166
52
179
172
57
66
94
154
47
148
60
23
20
59
28
101
149
4
