114
26
180
176
88
194
166
52
179
172
57
66
94
154
47
148
60
23
20
59
28
101
149
4
199
9
183
140
53
152
170
34
55
174
95
130
22
185
86
110
128
62
124
106
143
159
119
81
14
50
111
41
37
35
12
39
29
0
109
69
189
167
184
155
84
70
161
3
15
145
195
126
13
132
169
65
188
6
150
192
147
115
178
10
133
44
17
100
63
102
32
135
131
71
67
120
191
90
125
51
98
118
74
85
2
139
11
49
160
33
138
182
25
158
116
121
112
19
151
117
198
30
156
24
1
197
16
38
27
42
196
193
54
31
164
73
136
105
190
80
46
162
45
142
175
78
5
7
177
171
157
104
56
144
68
8
82
87
21
61
79
91
58
77
97
153
186
163
103
89
165
127
137
