61
79
91
141
97
77
58
87
82
111
41
14
81
153
186
163
129
119
159
143
106
124
128
62
18
55
174
183
140
199
9
22
185
95
110
86
166
194
88
176
180
26
103
89
165
127
114
137
75
76
48
52
179
172
57
66
94
154
47
148
60
23
20
59
28
101
149
4
53
184
155
84
3
70
161
13
145
15
189
167
69
109
35
0
12
39
29
49
11
139
182
138
33
160
144
56
68
8
104
157
171
177
123
25
158
116
121
112
19
131
125
90
191
71
67
120
51
98
118
74
2
85
134
43
168
195
126
132
169
65
188
6
150
192
147
115
178
10
133
44
17
100
63
96
32
102
38
27
16
197
1
24
156
42
30
198
117
193
151
54
31
164
73
136
105
190
80
46
162
45
142
175
78
5
7
