44
133
10
178
115
147
192
150
6
188
65
169
132
161
70
3
15
145
13
126
195
168
139
11
49
33
160
144
56
104
8
68
111
41
37
12
39
29
0
109
35
143
159
119
106
124
128
110
86
185
22
130
95
181
62
18
55
34
69
189
167
155
184
53
174
183
140
199
4
149
101
28
59
20
23
60
148
47
154
94
66
57
172
179
52
166
194
88
176
180
26
103
163
89
127
114
137
165
186
153
81
14
50
77
97
141
91
79
61
58
82
87
171
177
7
5
78
175
142
45
162
46
80
190
105
136
73
164
54
31
193
196
42
27
38
16
197
1
24
156
30
198
117
151
19
112
121
116
158
25
157
138
182
2
85
74
118
98
51
120
67
71
191
90
125
131
135
32
102
63
100
17
