186
119
159
143
106
124
62
128
110
86
185
22
130
95
9
199
140
174
55
34
69
189
167
155
184
53
4
149
101
28
59
20
23
60
148
47
154
94
66
57
172
179
52
166
48
76
75
137
114
194
88
176
180
26
103
163
89
127
165
187
146
97
77
141
91
79
61
7
5
45
142
78
175
162
46
80
190
105
196
42
27
38
16
197
1
24
156
30
198
117
151
54
193
31
164
73
136
173
25
123
177
171
157
104
56
144
138
182
2
85
74
118
98
51
116
19
112
121
131
135
32
102
63
100
17
44
133
122
125
90
191
120
67
71
178
115
147
192
150
6
188
65
169
132
161
70
3
15
145
13
126
195
168
139
11
49
33
160
39
29
12
0
109
35
37
41
111
68
8
87
82
58
50
14
81
153
