164
73
151
19
112
121
131
1
197
24
156
198
117
30
42
16
27
38
92
63
102
32
100
17
44
133
10
178
115
147
192
150
67
71
191
90
125
51
98
116
158
25
123
177
171
157
104
56
8
68
111
41
119
159
143
106
124
128
62
18
55
34
167
189
69
109
35
0
12
29
39
160
33
49
138
182
11
139
2
85
134
43
168
195
126
13
132
169
188
65
161
70
145
15
3
84
155
184
53
174
183
140
199
4
149
101
28
59
20
23
60
148
47
154
94
66
57
172
52
179
22
130
95
110
86
176
180
88
194
166
48
76
75
137
114
26
103
163
89
127
165
186
153
81
14
50
82
87
58
77
97
141
91
79
61
7
5
78
175
142
45
162
46
80
190
136
105
193
54
31
