14
50
77
97
141
91
79
61
7
142
78
175
46
162
45
5
177
123
25
171
87
58
82
68
8
104
56
144
160
33
49
11
138
182
139
2
85
74
118
98
51
116
121
112
19
151
54
31
164
73
136
80
190
105
193
117
198
30
42
156
24
1
197
16
27
38
102
32
96
63
100
17
122
131
125
90
191
120
67
71
178
133
44
10
115
147
192
150
6
188
65
169
132
13
126
195
145
15
3
161
70
189
167
155
184
53
152
170
34
55
174
95
185
22
9
199
140
4
149
101
28
59
20
23
60
148
47
154
94
66
57
172
179
52
166
48
76
75
137
114
127
89
165
153
186
163
103
26
113
194
88
180
176
86
110
128
62
124
106
119
159
143
29
39
12
0
109
35
37
111
41
