181
62
18
55
34
170
152
53
184
167
189
155
84
70
161
3
15
145
13
126
195
168
43
2
85
134
169
65
188
6
150
192
147
115
10
44
133
178
71
67
120
191
90
125
131
122
17
100
63
96
32
102
38
27
16
197
1
24
156
42
30
198
117
193
105
190
80
136
73
164
31
54
151
19
112
121
116
51
98
118
74
182
138
56
104
157
171
177
123
5
45
162
46
142
175
78
7
61
79
91
141
97
77
58
87
82
8
68
111
144
160
33
11
49
29
39
12
0
109
35
37
41
14
81
153
186
119
159
143
106
124
128
110
86
176
180
88
194
113
26
103
163
89
165
127
114
137
75
76
48
166
52
179
172
57
66
94
154
47
148
60
23
20
59
28
101
149
4
140
174
183
199
9
22
185
95
