139
2
85
192
150
6
188
65
169
126
13
145
15
3
161
70
84
155
189
167
184
53
152
170
34
55
174
183
9
199
140
4
149
101
28
59
20
23
60
148
47
154
94
66
57
172
179
52
48
76
75
137
114
127
165
89
103
26
113
194
88
180
176
86
185
22
130
95
110
128
62
124
106
143
159
119
129
163
186
153
97
77
58
82
87
91
79
61
7
5
78
175
142
45
162
46
80
190
105
136
193
117
151
54
31
164
73
19
112
121
131
1
197
24
156
198
30
42
16
27
38
92
63
102
32
100
17
44
133
10
178
71
67
120
191
90
125
51
98
116
158
25
123
177
171
157
104
56
8
68
111
50
14
41
37
35
0
109
29
12
39
160
33
49
138
182
11
