184
53
4
149
101
28
59
20
23
60
148
9
199
140
183
174
55
18
62
124
128
110
86
95
130
22
179
66
94
154
57
172
52
166
194
88
176
180
26
103
89
127
114
137
165
163
186
153
119
159
143
41
111
68
8
82
58
50
14
81
77
97
141
91
79
61
21
87
56
104
157
171
177
7
142
78
175
46
162
45
5
123
25
158
98
51
116
121
112
19
151
54
31
164
73
136
80
190
105
193
117
198
30
42
156
24
1
197
16
27
38
102
32
96
63
100
17
122
131
125
90
191
120
67
71
178
133
44
10
115
147
192
150
6
188
65
169
132
161
70
3
15
145
13
126
195
168
43
134
85
2
139
11
182
138
49
33
160
39
29
12
0
35
109
69
189
167
155
