55
174
183
140
199
9
22
185
95
110
86
166
194
88
176
180
26
103
89
165
127
114
137
75
76
48
52
179
172
57
66
94
154
47
148
60
23
20
59
28
101
149
4
53
184
167
189
155
84
70
161
3
15
145
195
126
13
132
169
65
188
6
150
192
2
85
74
118
98
51
120
67
71
125
90
191
178
10
133
44
17
100
63
102
38
27
16
197
1
24
156
42
30
198
117
193
105
190
80
136
73
164
31
54
151
19
112
121
116
158
25
123
5
45
162
46
142
175
78
7
177
171
157
104
56
144
138
182
139
11
49
33
160
39
29
12
0
109
35
37
41
111
68
8
82
87
21
61
79
91
141
97
77
58
50
14
81
153
186
163
129
119
159
143
106
124
128
62
18
