20
23
60
148
47
154
94
66
57
172
179
52
166
48
76
75
137
114
194
88
176
180
26
103
89
127
165
163
186
153
81
14
50
58
77
97
141
91
79
61
21
87
82
68
8
104
56
144
160
33
49
11
139
182
138
157
171
177
123
25
158
116
121
112
19
151
198
30
117
193
54
31
164
73
136
45
5
78
175
142
162
46
80
190
105
196
42
156
24
1
197
16
27
38
102
32
96
63
100
17
44
133
10
178
125
90
191
71
67
120
51
98
118
74
2
85
192
150
6
188
65
169
132
126
13
145
15
3
161
70
84
155
184
53
174
55
34
167
189
69
29
39
12
0
109
35
37
111
41
119
159
143
106
124
62
128
110
86
95
185
22
9
199
140
4
149
101
28
59
