42
27
38
16
197
1
24
156
30
198
117
193
31
54
164
73
151
19
112
121
116
98
51
120
67
71
191
90
125
131
135
32
102
63
100
17
44
133
10
178
115
147
192
150
6
188
65
169
132
126
13
145
15
161
70
3
84
155
189
167
184
53
152
170
34
55
174
183
140
199
4
149
101
28
59
20
23
60
148
47
154
94
66
57
172
52
179
22
130
95
86
166
48
76
75
137
114
194
88
180
176
64
110
128
62
124
106
143
159
119
129
26
103
89
127
165
163
186
153
81
14
50
77
58
82
87
8
68
111
41
37
35
109
0
12
29
39
160
33
49
11
139
182
138
144
56
104
157
171
25
123
177
91
79
61
7
5
78
175
142
45
162
46
80
190
105
196
