50
14
41
37
35
143
159
119
153
186
163
165
127
89
103
26
114
137
75
76
48
166
194
88
180
176
86
110
128
124
62
18
55
181
95
130
22
179
52
172
57
66
94
154
47
148
60
23
20
59
28
101
149
4
199
140
183
174
53
184
155
167
189
69
109
0
12
29
39
160
33
49
11
138
182
139
168
195
126
13
145
15
3
70
161
132
169
65
188
6
150
192
85
2
74
118
98
51
120
67
71
125
90
191
178
10
133
44
17
100
63
96
32
102
38
27
16
197
1
24
156
42
196
105
190
80
46
162
142
175
78
5
45
136
73
164
54
31
193
117
30
198
151
19
112
121
116
158
25
123
177
171
157
104
56
144
111
68
8
82
58
87
21
61
79
91
141
97
77
