6
188
65
169
132
13
126
195
145
15
161
70
3
84
155
189
167
184
53
4
149
101
28
59
199
140
183
174
55
18
62
124
128
110
86
95
185
22
148
23
60
47
154
94
66
57
172
179
52
166
194
88
176
180
26
103
89
127
114
137
165
153
186
163
129
119
159
143
81
77
97
141
91
79
61
7
177
123
25
171
157
104
56
144
68
8
87
82
58
50
14
41
111
37
35
109
0
12
29
39
160
33
49
11
138
182
139
2
85
74
118
98
51
120
67
71
191
90
125
131
121
112
19
151
198
30
117
193
54
31
164
73
105
136
45
142
78
175
162
46
80
190
196
42
156
24
1
197
16
27
38
102
63
100
17
44
133
10
178
115
147
192
150
