38
27
16
197
1
24
156
42
30
198
117
193
54
31
164
73
136
105
190
80
46
162
45
142
175
78
5
7
177
61
79
91
141
97
77
81
153
186
165
127
89
163
103
26
114
137
75
76
48
166
194
88
180
176
86
110
95
130
22
179
52
172
57
66
94
154
47
148
60
23
20
59
28
101
149
4
199
140
183
174
53
184
155
167
189
69
34
55
18
62
128
124
106
119
159
143
35
109
0
29
39
12
37
41
14
50
58
87
82
8
68
111
144
56
104
160
33
49
11
139
182
138
157
171
25
173
151
19
112
121
116
125
90
191
71
67
120
51
98
118
74
85
2
43
168
195
126
13
145
15
3
70
161
132
169
65
188
6
150
192
147
115
178
10
133
44
17
100
63
102
