0
117
93
140
36
163
67
108
69
18
199
159
193
41
191
139
110
68
46
60
141
66
51
109
72
118
59
116
105
65
47
77
131
149
24
35
11
166
184
28
43
42
5
96
146
103
181
192
160
48
30
54
147
104
177
10
190
4
112
126
156
29
127
194
6
173
180
158
53
136
182
121
99
189
19
100
26
101
150
1
97
152
74
125
87
2
82
120
44
25
16
88
171
113
56
188
85
13
31
157
17
81
187
174
169
196
91
179
145
168
78
92
172
167
111
124
94
130
12
148
37
33
128
55
52
106
178
3
32
138
8
185
40
119
165
39
90
107
27
71
58
164
7
21
132
144
155
49
102
62
9
61
15
64
114
186
23
76
89
183
143
170
