189
99
121
182
136
63
94
124
130
12
148
37
33
111
167
128
52
55
57
92
82
120
44
25
78
145
179
91
168
31
13
16
88
171
113
56
188
157
17
196
169
81
187
174
119
40
185
8
165
39
90
107
27
71
58
164
7
21
132
144
155
14
138
32
3
178
49
102
62
9
61
15
64
114
186
23
76
89
183
153
0
170
117
93
140
36
67
108
69
163
68
46
198
139
110
191
41
193
159
195
146
103
181
96
5
42
192
160
48
30
54
147
104
177
10
190
4
112
156
29
126
35
11
184
28
166
131
149
77
47
65
105
116
59
118
60
141
66
51
109
72
162
161
194
6
173
180
158
53
100
26
101
150
1
87
125
74
152
19
