117
93
140
68
46
198
139
110
191
41
193
142
163
67
108
69
199
159
195
146
103
34
30
54
48
160
192
42
5
96
116
65
47
105
77
149
131
11
166
28
184
147
104
177
10
190
4
112
126
156
29
24
123
194
6
173
180
158
53
136
182
121
99
189
19
100
26
101
150
1
97
152
74
125
87
2
82
120
44
25
78
145
168
31
13
16
88
171
113
56
188
157
17
196
169
81
187
174
90
107
27
71
58
164
7
95
39
165
119
40
185
8
138
32
3
178
106
52
55
91
179
92
172
167
111
124
94
130
12
148
37
33
9
62
61
102
49
155
144
132
73
64
114
83
89
183
76
23
137
176
80
133
161
162
72
59
118
60
109
51
66
141
0
170
