138
14
155
144
132
21
7
164
58
71
27
107
90
39
165
8
185
40
119
174
187
81
169
196
17
157
31
13
85
188
56
113
171
88
16
168
91
179
145
78
25
44
120
82
92
57
55
52
128
167
111
87
125
74
152
97
1
150
101
26
100
19
189
99
121
53
158
136
182
63
94
124
130
12
176
66
141
51
109
60
118
59
72
162
161
194
173
180
154
6
70
127
123
24
29
156
126
112
4
190
10
177
104
184
28
166
131
149
47
65
116
105
77
43
96
5
42
192
160
48
147
54
30
34
103
146
22
20
18
69
108
67
163
159
193
41
191
110
139
198
46
68
140
93
117
170
0
153
183
89
76
23
186
114
64
15
148
37
33
9
62
61
102
49
178
3
32
