128
3
178
106
52
55
91
179
92
129
87
2
82
120
44
25
78
145
168
16
88
171
113
56
188
85
13
31
157
17
196
169
81
187
174
119
40
185
8
165
39
90
107
27
71
58
164
7
21
132
144
155
14
138
32
49
102
62
9
61
15
64
114
186
23
76
89
183
153
0
170
117
93
140
68
46
198
139
110
191
41
193
159
163
67
108
69
18
20
22
146
103
181
96
5
42
43
105
116
65
47
77
166
11
184
28
192
160
48
30
54
147
104
177
10
190
4
112
126
156
29
24
131
149
161
162
72
59
118
60
109
51
141
66
176
80
133
194
6
173
180
158
53
136
182
121
100
26
97
101
150
1
74
152
19
189
99
94
124
130
12
148
37
33
111
167
