180
173
6
194
161
162
133
63
136
182
121
99
189
19
94
124
130
12
176
66
141
60
109
51
72
59
118
115
193
41
96
5
42
43
77
105
116
65
47
131
149
24
29
156
126
112
4
84
11
166
28
184
190
10
177
104
147
54
30
48
160
192
181
103
146
22
20
18
69
108
67
163
36
140
93
68
110
191
139
198
46
117
170
0
153
183
89
76
23
186
114
64
15
61
9
62
102
49
178
3
32
138
14
155
144
132
21
7
164
58
71
27
107
90
39
165
8
185
119
40
169
174
187
81
196
17
157
31
13
85
188
56
113
171
88
16
78
168
145
179
91
55
52
128
33
37
148
111
167
172
129
82
44
120
2
87
125
74
152
97
1
150
101
26
100
53
158
