73
64
114
186
23
76
89
183
153
0
170
117
93
140
68
46
198
139
110
191
41
193
159
163
67
108
69
18
20
22
146
103
181
192
160
48
30
54
147
104
177
10
190
4
112
126
156
29
24
149
131
47
65
116
105
77
166
11
184
28
42
5
96
115
118
59
72
51
109
60
141
66
176
130
12
148
37
33
167
111
124
94
63
133
162
161
194
6
173
180
158
53
136
182
121
99
189
19
100
26
101
150
1
97
152
74
125
87
2
82
120
44
25
16
88
171
113
56
188
85
13
31
157
17
81
187
174
90
107
27
71
58
164
7
95
39
165
8
185
119
40
169
196
91
179
145
168
78
92
57
55
52
106
178
3
32
138
49
102
62
9
61
155
144
132
