164
7
39
165
8
119
40
185
106
178
3
32
49
128
167
111
148
37
33
9
62
61
155
144
132
73
64
114
83
89
183
76
23
137
176
66
141
60
109
51
151
161
162
72
59
118
115
198
46
68
0
170
117
93
140
36
163
67
108
69
18
199
110
139
191
41
193
159
195
146
103
181
96
5
42
192
160
48
30
54
147
104
177
10
190
4
112
156
29
126
35
11
184
28
166
77
105
116
65
47
131
149
24
123
194
6
173
180
158
53
136
182
63
130
12
124
94
19
189
99
121
100
26
101
150
1
97
152
74
125
87
172
52
55
57
92
82
120
44
25
78
145
179
91
168
16
88
171
113
56
188
85
13
31
157
17
196
169
81
187
174
90
107
27
71
58
