85
13
31
157
17
81
187
174
169
196
91
179
92
172
167
111
148
37
33
128
55
52
106
178
3
32
138
8
185
40
119
165
39
90
107
27
71
58
164
7
21
132
144
155
49
102
62
9
61
15
64
114
83
89
183
76
23
137
12
130
124
94
80
176
66
141
109
51
151
161
162
72
59
118
60
46
198
139
191
110
68
0
170
117
93
140
36
163
67
108
69
18
199
193
41
159
195
146
103
181
96
5
42
192
160
48
30
54
147
104
177
10
190
4
112
156
29
126
35
11
184
28
166
77
105
116
65
47
131
149
24
123
194
6
173
180
158
53
136
182
121
99
100
26
101
150
1
97
189
19
152
74
125
87
2
82
120
44
25
78
145
168
16
88
171
113
56
188
