183
153
0
170
117
93
140
36
163
67
108
69
18
20
22
146
103
181
192
160
48
30
54
147
104
177
10
190
4
84
11
184
28
166
77
43
42
5
96
41
193
159
142
191
139
110
68
46
198
115
116
105
65
47
131
149
24
156
29
127
194
6
173
180
158
53
136
182
121
99
189
19
100
26
101
150
1
97
152
74
125
87
2
82
120
44
25
78
145
168
16
88
171
113
56
188
85
13
31
157
17
196
169
81
187
174
90
107
27
71
58
164
7
21
132
144
155
14
32
3
178
138
39
165
8
119
40
185
91
179
55
52
167
128
49
102
62
9
61
64
114
15
33
37
148
111
124
12
130
94
63
133
151
72
59
118
60
141
109
51
66
176
137
23
76
89
