1
150
101
97
26
100
19
189
99
121
182
136
53
158
180
173
6
194
161
24
29
156
126
112
4
190
10
177
104
147
54
30
48
160
184
28
166
11
131
149
47
65
116
105
77
43
42
5
96
41
193
191
139
110
142
159
195
103
146
22
20
18
69
108
67
163
36
140
93
117
170
0
68
46
60
118
59
72
109
51
141
66
176
80
12
130
94
124
111
167
148
37
33
9
62
61
15
186
23
76
183
89
83
114
64
73
132
144
155
102
49
178
3
32
138
21
7
164
58
71
27
107
90
39
165
8
119
40
185
179
91
196
169
174
187
81
17
157
31
13
85
188
56
113
171
88
16
168
145
78
25
44
120
82
92
57
55
52
172
87
125
74
152
