155
102
49
178
3
32
138
21
7
164
58
71
27
107
90
39
165
8
185
119
40
169
174
187
81
196
17
157
31
13
56
188
50
113
171
88
16
168
91
179
145
78
25
44
120
82
92
57
55
52
128
167
111
87
125
74
152
97
1
150
101
26
100
19
189
99
121
182
136
53
158
180
173
6
194
161
24
149
131
47
65
116
105
77
166
28
184
11
35
126
29
156
112
4
190
10
177
104
147
54
30
48
160
192
42
5
96
181
103
146
195
159
41
193
199
18
69
108
67
163
36
140
93
68
110
191
139
198
115
118
59
72
151
133
63
94
124
130
12
176
66
141
51
109
60
46
0
170
143
183
89
76
23
186
114
64
15
148
37
33
9
62
61
144
