143
183
89
76
23
186
114
64
15
61
9
62
102
49
155
144
132
21
7
164
58
71
27
107
90
39
165
119
40
185
8
138
32
3
178
106
52
55
128
33
37
148
12
130
94
124
111
167
172
92
78
168
145
179
91
196
169
174
187
81
17
157
31
13
85
188
56
113
171
88
16
25
44
120
82
2
87
125
74
152
97
1
150
101
26
100
19
189
99
121
182
136
53
158
180
173
6
194
127
29
156
126
112
4
190
10
177
104
147
54
30
48
160
192
103
146
195
96
5
42
43
28
184
166
11
35
24
149
131
77
47
65
105
116
59
118
72
109
51
66
141
60
46
68
110
139
191
41
193
159
199
18
69
108
67
163
36
140
93
117
0
170
