83
89
183
153
0
170
117
93
140
68
46
198
115
116
65
47
105
77
166
28
184
160
192
42
5
96
41
193
159
142
191
139
110
163
67
108
69
18
20
22
146
103
34
48
30
54
147
104
177
10
190
11
84
4
112
126
156
29
24
131
149
161
194
6
173
180
158
53
136
182
121
99
189
19
100
26
101
150
1
97
152
74
125
87
2
82
120
44
25
78
145
179
91
168
16
88
171
113
56
188
85
13
31
157
17
196
169
81
187
174
119
40
185
8
165
39
90
107
27
71
58
164
7
21
132
144
155
14
138
32
3
178
49
102
61
62
9
33
37
148
167
111
124
94
130
12
80
176
66
51
109
72
59
118
60
141
137
23
186
114
64
