55
128
33
37
148
111
167
172
129
82
44
120
2
87
125
74
152
97
1
150
101
26
100
19
189
99
121
182
136
53
158
180
173
6
194
123
24
29
156
126
112
4
84
11
166
28
184
190
10
177
104
147
54
30
48
160
192
181
103
146
22
20
18
69
108
67
163
36
140
93
117
170
0
68
46
198
139
191
110
142
159
193
41
96
5
42
43
77
131
149
47
65
105
116
59
72
118
60
109
51
141
66
176
151
45
162
161
133
63
94
124
130
12
137
23
76
183
89
83
114
64
15
61
9
62
102
49
155
144
132
21
7
164
58
71
27
107
90
174
187
81
17
157
31
13
85
188
56
113
171
88
16
78
168
145
179
91
196
169
40
119
185
8
165
39
138
32
3
178
106
52
