10
177
104
147
54
30
48
160
192
181
103
146
195
41
193
159
199
18
69
108
67
163
36
140
93
117
170
0
153
183
89
76
23
186
114
64
15
61
9
62
102
49
33
37
148
111
167
128
55
52
106
178
3
32
138
14
155
144
132
21
7
164
58
71
27
107
90
39
165
8
185
119
40
169
174
187
81
196
17
157
31
13
85
188
56
113
171
88
16
78
168
145
91
179
92
82
44
120
2
87
74
152
1
150
101
97
26
100
19
189
99
121
182
136
53
158
180
173
6
194
161
162
72
151
133
63
94
124
130
12
176
66
141
51
109
59
118
60
46
68
110
191
139
198
115
96
5
42
28
184
11
166
77
105
116
65
47
131
149
24
29
156
126
112
4
190
