53
86
150
101
1
97
26
100
121
99
189
19
152
87
125
74
94
130
12
124
111
167
128
52
55
57
92
82
120
44
25
78
145
179
91
168
31
13
16
88
171
113
56
188
157
17
196
169
81
187
174
119
40
185
8
165
39
90
107
27
71
58
164
7
21
132
144
155
14
138
32
3
178
49
102
61
62
9
33
37
148
15
64
114
186
23
76
89
183
153
0
170
117
93
140
36
163
67
108
69
18
199
159
195
146
103
181
192
160
28
166
11
184
48
30
54
147
104
177
10
190
4
112
126
156
29
127
70
6
194
161
24
149
131
47
65
116
105
77
43
42
5
96
41
193
191
139
110
68
46
198
115
118
59
72
51
109
60
141
66
176
63
182
136
180
173
154
158
