161
162
133
63
182
136
53
158
180
173
6
194
123
24
149
131
47
65
116
105
77
43
42
5
96
41
193
159
195
146
103
22
20
18
69
108
67
163
36
140
93
117
170
0
46
198
139
191
110
115
59
118
109
51
66
141
60
72
176
130
12
124
94
189
19
99
121
100
26
97
1
101
150
152
74
125
87
2
82
120
44
25
78
145
168
31
85
188
56
13
171
88
16
157
17
196
169
174
187
81
91
179
55
52
106
178
3
32
138
14
155
144
102
49
62
9
61
15
64
114
186
23
76
89
183
148
37
33
167
185
40
119
8
165
39
95
58
164
71
27
107
90
29
156
126
112
4
84
11
166
28
184
147
104
177
10
190
54
30
48
160
192
