146
103
195
159
193
41
191
139
198
46
68
140
36
67
163
69
108
117
170
0
76
89
183
23
137
66
141
51
109
118
59
72
162
161
194
6
154
180
158
53
136
182
121
99
189
19
97
1
101
150
100
26
152
74
125
87
2
82
120
44
25
78
145
168
31
85
188
56
13
171
88
16
157
17
196
169
174
187
81
91
179
55
52
106
178
3
32
138
14
155
144
102
49
62
9
61
15
64
114
73
132
21
7
164
58
71
27
107
90
39
165
8
185
40
119
128
167
111
148
37
33
12
130
124
94
63
133
24
149
131
47
65
116
105
77
43
42
5
96
166
28
184
11
84
4
112
126
156
29
190
10
177
104
147
54
30
48
160
192
181
