77
105
116
65
47
131
149
24
123
194
6
154
180
158
53
136
182
121
99
189
19
97
1
101
150
100
26
152
74
125
87
2
82
120
44
25
78
145
168
31
85
188
56
13
171
88
16
157
17
196
169
174
187
81
91
179
55
52
106
178
3
32
138
14
155
144
102
49
62
9
61
15
64
114
186
23
76
89
183
153
0
170
117
93
140
36
67
163
69
108
110
191
139
198
46
115
59
118
109
51
66
141
60
72
162
161
133
80
12
130
124
111
167
33
37
185
40
119
8
165
39
95
58
164
71
27
107
90
70
29
156
126
112
4
84
11
166
28
184
147
104
177
10
190
54
30
48
160
192
181
146
103
22
159
193
41
96
5
42
43
