8
165
39
95
58
164
7
21
132
144
155
102
49
32
3
178
106
52
55
57
92
82
120
44
25
78
145
168
31
85
188
56
13
171
88
16
157
17
196
169
174
187
81
91
179
185
40
119
90
107
27
138
14
62
9
61
15
64
114
186
23
76
89
183
153
0
170
117
93
140
36
67
163
69
108
110
191
139
198
46
115
116
105
47
65
77
43
42
5
96
41
193
159
195
146
103
181
192
160
48
54
30
147
104
177
10
190
4
84
11
166
28
184
131
149
24
123
194
6
154
180
158
53
136
182
121
99
189
19
97
1
101
150
100
26
152
74
125
87
167
111
148
37
33
12
130
124
94
80
176
66
141
51
109
118
59
72
162
161
29
156
126
112
60
137
