125
74
152
87
1
97
26
100
121
99
189
19
94
124
130
12
111
167
33
37
9
62
61
102
49
32
3
178
106
52
55
57
92
82
120
44
25
78
145
168
31
85
188
56
13
171
88
16
157
17
196
169
174
187
81
91
179
185
40
119
8
165
39
95
58
164
7
21
132
144
155
14
138
172
101
150
86
53
158
180
173
6
194
161
162
133
63
182
136
80
176
66
141
51
109
118
59
72
60
46
198
139
191
110
193
41
96
5
42
43
77
105
116
65
47
131
149
24
29
156
126
112
4
84
11
166
28
184
147
104
177
10
190
54
30
48
160
192
181
146
103
22
159
199
18
69
108
67
163
36
140
93
117
170
0
183
89
76
23
186
114
64
15
107
27
90
