97
1
101
150
100
26
121
99
189
19
152
74
125
87
2
82
120
44
25
78
145
168
31
85
188
56
13
171
88
16
157
17
196
169
174
187
81
91
179
55
52
106
178
3
32
138
14
155
144
102
49
62
9
61
15
64
114
186
23
76
89
183
153
0
170
117
93
140
36
67
163
69
108
110
191
139
198
46
115
116
105
47
65
77
43
42
5
96
41
193
159
195
146
103
181
192
160
48
54
30
147
104
177
10
190
4
84
11
166
28
184
131
149
24
123
194
6
154
180
158
53
136
182
63
80
176
66
141
51
109
118
59
72
162
161
133
94
124
130
12
111
167
33
37
185
40
119
8
165
39
95
58
164
7
21
132
73
137
60
126
156
29
70
90
107
27
