128
110
86
176
180
88
194
166
48
76
75
137
114
127
165
89
103
26
163
129
143
159
119
186
153
81
77
58
50
14
41
111
37
35
109
0
12
29
39
160
33
49
11
139
182
138
157
171
104
56
8
68
82
87
91
79
61
7
177
123
5
45
142
78
175
162
46
80
190
105
136
173
19
151
54
73
164
31
193
117
198
30
42
156
24
1
197
16
27
38
102
63
100
17
44
133
10
178
90
125
191
71
67
120
51
98
116
121
112
158
25
74
2
85
192
150
6
188
65
169
132
13
126
195
145
15
161
70
3
84
155
189
167
184
53
140
183
9
199
4
149
101
28
59
20
23
60
148
47
154
94
66
57
172
52
179
22
185
95
174
55
18
62
124
