112
19
151
54
31
117
198
30
193
164
73
136
105
162
46
80
190
196
42
156
24
1
197
16
27
38
102
32
96
63
100
17
44
133
10
178
115
147
192
150
6
188
65
169
132
126
13
161
70
3
15
145
189
167
155
184
53
152
170
34
55
18
62
143
159
119
106
124
128
110
86
95
174
183
140
199
4
149
101
28
59
20
23
60
148
22
179
66
94
154
57
172
52
166
48
76
75
137
114
127
165
89
163
103
26
113
194
88
176
180
129
186
153
81
77
58
82
87
91
79
61
7
78
175
142
45
5
177
123
25
171
157
104
56
8
68
111
50
14
41
37
35
109
0
12
29
39
160
33
49
11
138
182
139
2
85
74
118
98
51
120
67
71
191
90
125
131
121
