119
186
153
81
14
50
82
87
58
77
97
141
91
79
61
7
177
123
171
157
104
56
8
68
111
41
37
35
109
0
12
29
39
160
33
49
11
138
182
25
158
116
121
112
19
151
73
164
31
54
193
105
136
45
142
78
175
162
46
80
190
196
42
30
117
198
156
24
1
197
16
27
38
102
32
96
63
100
17
44
133
10
178
115
147
192
150
71
67
120
191
90
125
51
98
118
74
85
2
43
168
195
126
13
132
169
188
65
161
70
145
15
3
84
155
189
167
184
53
152
170
34
55
174
183
140
199
4
149
101
28
59
20
23
60
148
47
154
94
66
57
172
179
52
48
76
75
137
114
127
165
89
163
103
26
180
176
88
194
166
86
185
22
130
95
181
83
18
62
128
124
106
143
159
