37
35
109
0
29
39
12
143
159
119
106
124
128
62
18
83
181
95
130
22
185
86
110
64
176
180
88
194
113
26
103
163
186
153
165
89
127
114
137
75
76
48
166
52
179
172
57
66
94
154
47
148
60
23
20
59
28
101
149
4
140
199
9
183
174
55
34
170
152
53
184
167
189
155
84
70
161
3
15
145
195
126
13
132
169
65
188
6
150
192
85
2
139
182
138
11
49
33
160
144
56
104
157
171
87
21
177
123
25
173
151
19
112
121
116
98
51
120
67
71
191
125
90
178
10
133
44
17
100
63
96
32
102
38
27
16
197
1
24
156
42
30
198
117
193
54
31
164
73
136
105
190
80
46
162
175
78
142
45
5
7
61
79
91
141
97
77
58
82
8
68
50
14
41
111
