33
49
11
138
182
139
2
85
74
118
98
51
116
121
112
19
158
25
123
177
171
157
104
56
8
68
82
58
87
91
79
61
7
5
45
142
78
175
162
46
80
190
105
136
73
164
193
31
54
151
117
198
30
42
156
24
1
197
16
27
38
102
63
100
17
44
133
10
178
191
90
125
120
67
71
147
192
150
6
188
65
169
132
126
13
145
15
161
70
3
84
155
189
167
184
53
152
170
34
55
18
62
83
174
183
140
199
4
149
101
28
59
20
23
60
148
47
154
94
66
57
22
130
95
185
179
172
52
166
48
76
75
137
114
127
165
89
163
103
26
113
194
88
180
176
86
110
128
124
106
143
159
119
186
153
97
77
81
14
50
111
41
37
35
109
0
12
29
39
160
