25
123
177
21
87
171
157
104
56
8
68
111
41
37
35
109
0
12
29
39
160
33
49
11
138
182
139
2
85
192
150
6
188
65
169
132
126
13
145
15
161
70
3
84
155
189
167
184
53
174
183
140
9
199
4
149
101
28
59
20
23
60
148
47
154
94
66
57
172
52
179
22
185
95
181
55
18
62
124
128
110
86
176
180
88
194
166
48
76
75
137
114
26
103
89
127
165
163
186
153
119
159
143
14
50
82
58
77
97
141
91
79
61
7
5
45
142
78
175
162
46
80
190
196
42
30
117
193
54
31
164
73
105
136
173
112
19
151
198
156
24
1
197
16
27
38
102
32
96
63
100
17
44
133
10
178
71
67
120
191
90
125
131
121
116
51
98
158
