3
161
70
84
155
189
167
184
53
152
170
34
55
18
62
83
174
183
140
199
4
149
101
28
59
20
23
60
148
47
154
94
66
57
172
52
179
22
185
95
181
128
110
86
166
48
76
75
137
114
127
165
89
103
26
113
194
88
176
180
163
129
106
124
143
159
119
186
153
81
77
58
91
79
61
7
5
78
175
142
45
46
162
136
73
164
31
54
151
193
105
190
80
196
42
30
117
198
156
24
1
197
16
27
38
102
32
96
63
100
17
44
133
10
178
115
147
192
150
71
67
120
191
90
125
51
98
116
121
112
19
158
25
123
177
21
87
82
171
157
104
56
8
68
111
41
37
35
109
0
12
29
39
160
33
49
138
182
11
139
2
85
134
43
168
195
126
188
65
169
132
13
145
15
