102
38
27
16
197
1
24
156
198
117
30
42
196
80
190
105
193
151
54
31
164
73
136
162
46
175
78
142
45
5
7
61
79
91
58
77
81
153
186
119
159
143
106
176
180
88
194
113
26
103
163
89
165
127
114
137
75
76
48
166
52
179
172
57
66
94
154
47
148
60
23
20
59
28
101
149
4
199
140
183
174
95
130
22
185
86
110
128
124
62
18
55
34
170
152
53
184
167
189
155
84
70
161
3
15
145
195
126
13
132
169
65
188
6
150
192
85
2
139
11
182
138
49
33
160
39
29
12
0
109
35
37
41
14
50
111
68
82
87
8
56
104
157
171
177
123
25
158
98
116
121
112
19
131
125
51
120
67
71
191
90
178
10
133
44
17
100
63
