139
2
85
192
150
6
188
65
169
132
13
126
195
145
15
3
161
70
84
155
189
167
184
53
152
170
34
55
174
183
140
199
4
149
101
28
59
20
23
60
148
47
154
94
66
57
172
179
52
166
48
76
75
137
114
127
165
89
163
103
26
113
194
88
180
176
86
185
22
130
95
110
128
62
124
106
143
159
119
41
111
68
8
87
82
58
50
14
81
77
141
91
79
61
7
5
45
142
78
175
162
46
80
190
196
42
156
24
1
197
16
27
38
102
32
96
63
100
17
44
133
10
178
71
67
98
51
191
90
125
131
151
198
30
117
193
54
31
164
73
105
136
173
19
112
121
116
158
25
123
177
171
157
104
56
144
33
160
39
12
0
35
109
29
49
11
138
182
