68
111
41
37
12
39
29
0
109
35
143
159
119
186
153
81
14
50
58
77
97
146
187
165
127
89
163
103
26
114
137
75
76
48
166
194
88
180
176
86
110
128
124
62
18
83
181
95
185
22
179
52
172
57
66
94
154
47
148
60
23
20
59
28
101
149
4
140
199
9
183
174
55
34
170
152
53
184
167
189
155
84
70
161
3
15
145
195
126
13
132
169
65
188
6
150
192
147
71
67
120
125
90
191
178
10
133
44
17
100
63
96
32
102
38
27
16
197
1
24
156
42
196
190
80
46
162
175
78
142
45
5
7
61
79
91
82
87
171
177
123
25
158
112
19
173
136
105
73
164
54
31
193
117
30
198
151
131
121
116
51
98
118
74
85
2
139
182
138
11
49
33
160
144
56
104
8
