1
197
16
27
38
102
32
96
63
100
17
44
133
10
178
71
67
120
191
90
125
51
98
116
158
25
123
177
171
157
104
56
8
87
82
68
111
50
14
41
37
35
109
0
12
29
39
160
33
49
138
182
11
139
2
85
192
150
6
188
65
169
132
13
126
195
145
15
3
161
70
84
155
189
167
184
53
152
170
34
55
18
62
124
128
110
86
95
174
183
140
199
4
149
101
28
59
20
23
60
148
47
154
94
66
57
22
179
172
52
166
194
76
75
137
114
113
88
176
180
26
103
89
127
165
163
129
143
159
119
186
153
81
77
58
91
79
61
7
5
45
142
78
175
162
46
80
190
105
136
173
19
112
121
131
151
54
73
164
31
193
117
198
30
156
24
