39
160
33
49
138
182
11
139
2
85
134
43
168
195
126
13
132
169
188
65
161
70
145
15
3
84
155
189
167
184
53
152
170
34
55
174
183
140
199
4
149
101
28
59
20
23
60
148
47
154
94
66
57
172
52
179
22
185
95
181
83
18
62
128
110
86
176
180
88
194
166
48
76
75
137
114
26
103
163
89
127
165
186
153
129
106
124
143
159
119
81
14
50
77
58
82
87
91
79
61
7
5
45
142
78
175
162
46
80
190
105
136
73
164
193
31
54
151
117
198
30
42
156
24
1
197
16
27
38
102
32
96
63
100
17
44
133
10
178
115
147
192
150
71
67
120
191
90
125
51
98
116
121
112
19
158
25
123
177
171
157
104
56
8
68
111
41
37
35
109
0
12
29
