84
70
161
3
15
145
195
126
13
132
169
65
188
6
150
192
147
71
67
120
125
90
191
178
10
133
44
17
100
63
96
32
102
38
27
16
197
1
24
151
54
73
164
31
193
117
198
30
156
42
196
105
190
80
46
162
175
78
142
45
5
7
177
123
171
25
158
19
112
121
116
51
98
118
74
85
2
139
182
138
11
49
33
160
39
29
12
0
109
35
37
41
111
144
56
104
8
68
82
87
21
61
79
91
141
97
77
58
50
14
81
153
186
119
159
143
106
124
128
110
95
130
22
185
86
166
194
88
176
180
26
103
163
89
165
127
114
137
75
76
48
52
179
172
57
66
94
154
47
148
60
23
20
59
28
101
149
4
199
140
183
174
83
62
18
55
34
170
152
53
184
167
189
155
