18
55
34
69
189
167
155
184
53
174
183
140
4
149
101
28
59
199
9
95
185
22
148
23
60
47
154
94
66
57
172
179
52
166
176
180
88
194
76
75
137
114
127
165
89
103
26
163
186
153
97
77
58
82
68
8
56
104
157
171
25
123
177
21
87
91
79
61
7
5
45
142
78
175
162
46
80
190
105
196
42
156
24
198
30
117
193
54
31
164
73
151
19
112
121
131
1
197
16
27
38
102
32
96
63
100
17
44
133
10
178
191
90
125
51
120
67
71
147
192
150
6
188
65
169
132
161
70
3
15
145
13
126
195
168
43
2
85
98
118
74
139
11
182
138
49
33
160
39
29
12
0
109
35
37
111
41
14
81
119
159
143
106
124
128
110
62
