179
22
185
95
181
55
18
62
110
128
124
106
143
159
119
153
186
129
180
176
88
194
166
48
76
75
137
114
26
103
163
89
127
165
187
146
97
77
58
50
14
41
37
35
109
0
12
29
39
160
144
111
68
8
82
87
91
79
61
7
177
123
5
45
142
78
175
162
46
80
190
105
136
73
164
193
31
54
151
117
198
30
42
156
24
1
197
16
27
38
102
32
96
63
100
17
44
133
10
178
71
67
120
98
51
191
90
125
131
19
112
121
116
158
25
171
157
104
56
182
138
33
49
11
139
2
85
192
150
6
188
65
169
132
13
126
195
145
15
3
161
70
84
155
189
167
184
53
174
183
140
199
4
149
101
28
59
20
23
60
148
47
154
94
66
57
172
52
