97
141
91
79
61
7
177
123
5
45
142
78
175
162
46
80
190
196
42
156
30
198
117
193
54
31
164
105
136
73
151
19
112
121
131
24
1
197
16
27
38
102
32
96
63
100
17
44
133
10
178
191
90
125
120
67
71
147
192
150
6
188
65
169
132
13
126
195
145
15
3
161
70
84
155
189
167
184
53
152
170
34
55
18
62
124
128
110
181
174
183
140
199
4
149
101
28
59
20
23
60
148
47
154
94
66
22
130
95
185
179
57
172
52
166
194
76
75
137
114
113
88
176
180
26
103
89
127
165
163
186
153
119
159
143
41
111
37
35
109
0
12
29
39
160
33
49
11
139
2
85
74
118
98
51
116
158
25
182
138
144
68
8
56
104
157
171
87
82
58
50
14
81
77
