194
166
48
75
137
127
89
165
187
146
97
77
81
14
50
58
82
68
8
104
56
144
111
41
37
35
109
0
12
29
39
160
33
49
138
182
11
139
2
85
74
118
98
51
116
121
112
19
158
25
171
87
91
79
61
7
177
123
173
151
198
30
117
193
31
54
164
73
105
136
45
142
78
175
162
46
80
190
196
42
156
24
1
197
16
27
38
102
32
96
63
100
17
44
133
10
178
191
90
125
120
67
71
147
192
150
6
188
65
169
132
126
13
145
15
161
70
3
84
155
189
167
184
53
152
170
34
55
174
183
140
199
4
149
101
28
59
20
23
60
148
47
154
94
66
57
172
52
179
22
95
86
110
128
62
124
106
143
159
119
153
186
163
103
26
180
176
88
