153
81
14
50
82
58
77
97
141
91
79
61
7
5
45
142
78
175
162
46
80
190
105
136
73
164
193
31
54
151
117
198
30
42
156
24
1
197
16
27
38
102
63
100
17
44
133
10
178
90
125
191
71
67
120
51
98
116
121
112
19
158
25
123
177
21
87
171
157
104
56
8
68
111
41
37
35
109
0
12
29
39
160
33
49
11
138
182
139
2
85
192
150
6
188
65
169
132
126
13
145
15
161
70
3
84
155
189
167
184
53
152
170
34
55
18
62
128
124
143
159
119
106
110
86
95
185
22
9
183
174
140
199
4
149
101
28
59
20
23
60
148
47
154
94
66
57
172
179
52
166
176
180
88
194
76
75
137
114
127
165
89
103
26
163
186
