199
9
22
185
95
181
83
18
62
124
128
110
86
176
180
88
194
113
26
103
89
163
186
153
119
159
143
41
111
37
35
109
0
12
39
29
49
33
160
144
68
8
56
104
157
171
177
123
25
158
19
112
121
116
98
51
125
90
191
120
67
71
178
10
133
44
17
100
63
96
32
102
38
27
16
197
1
24
156
198
117
30
42
196
80
190
105
193
151
54
31
164
73
136
162
46
175
78
142
45
5
7
61
79
91
87
82
58
50
14
81
77
97
146
187
165
127
114
137
75
76
48
166
52
179
172
57
66
94
154
47
148
60
23
20
59
28
101
149
4
53
184
155
84
3
70
161
132
169
65
188
6
150
192
85
2
182
138
11
139
168
195
126
13
145
15
189
167
69
34
55
174
183
140
