20
23
60
148
47
154
94
66
22
130
95
185
179
57
172
52
166
194
76
75
137
114
113
88
176
180
26
103
89
127
165
163
129
143
159
119
186
153
81
77
141
91
79
61
7
5
45
142
78
175
162
46
80
190
196
42
27
38
16
197
1
24
156
30
198
117
193
54
31
164
105
136
73
151
19
112
121
131
135
32
102
63
100
17
44
133
10
178
90
125
191
71
67
120
51
98
116
158
25
123
177
171
157
104
56
144
111
68
8
87
82
58
50
14
41
37
35
109
0
12
29
39
160
33
49
11
138
182
139
2
85
192
150
6
188
65
169
132
13
126
195
145
15
3
161
70
84
155
189
167
184
53
152
170
34
55
18
62
124
128
110
181
174
183
140
199
4
149
101
28
59
