110
128
124
62
18
55
34
170
152
53
184
167
189
155
84
70
161
3
15
145
195
126
13
132
169
65
188
6
150
192
147
71
67
120
51
125
90
191
178
10
133
44
17
100
63
96
32
102
38
27
16
197
1
24
156
198
117
30
42
196
80
190
105
136
162
46
175
78
142
45
5
7
177
123
171
25
173
73
164
193
31
54
151
19
112
121
116
98
118
74
85
2
139
182
138
11
49
33
160
144
56
104
8
68
111
39
29
12
0
109
35
37
41
14
50
58
82
87
21
61
79
91
141
77
81
153
186
119
159
143
129
163
165
127
89
103
26
114
137
75
76
194
88
180
176
166
52
179
172
57
66
94
154
47
148
60
23
20
59
28
101
149
4
199
140
183
174
95
22
185
86
