136
173
19
112
121
131
125
90
191
71
67
120
51
98
118
74
182
138
11
49
33
160
39
29
12
0
109
35
37
159
143
124
106
119
81
14
41
111
68
8
56
104
157
171
25
123
177
5
45
162
46
142
175
78
7
61
79
91
87
82
58
77
97
153
186
163
26
103
89
165
127
114
137
75
76
48
166
194
88
180
176
64
128
110
86
95
185
22
179
52
172
57
66
94
154
47
148
60
23
20
59
28
101
149
4
199
140
183
174
83
62
18
55
34
170
152
53
184
167
189
155
84
70
161
3
15
145
13
132
65
188
169
126
195
168
43
2
85
6
150
192
147
115
178
10
133
44
17
100
63
96
32
102
38
27
16
197
1
24
156
198
117
151
54
73
164
31
193
30
42
196
80
190
105
