25
78
168
31
13
56
16
88
171
113
50
188
157
17
196
81
187
174
119
40
165
39
90
107
27
71
58
164
7
21
138
32
14
155
144
61
62
9
64
114
83
89
183
76
23
186
15
148
37
33
12
130
94
63
182
136
180
173
6
133
151
51
66
141
60
46
68
0
170
117
93
140
36
67
108
69
163
110
191
139
198
115
193
41
96
5
42
181
146
103
192
160
48
30
54
147
104
177
10
190
4
112
156
29
126
28
184
11
166
116
105
77
131
149
47
65
118
59
72
162
161
194
154
158
53
100
97
152
74
125
87
1
150
101
26
121
99
189
19
124
111
167
128
49
3
178
106
8
185
169
91
179
92
82
120
44
