127
29
156
126
112
4
104
147
160
192
42
5
96
115
46
0
170
117
93
140
36
67
108
69
163
68
198
139
110
191
41
193
159
195
146
103
34
48
54
30
177
10
190
84
11
184
28
166
77
105
116
65
47
131
149
72
59
118
60
141
66
51
151
45
161
194
173
180
136
182
63
12
130
148
37
33
111
167
124
94
189
19
99
121
26
101
150
1
2
120
44
82
78
145
168
31
13
56
16
88
171
113
50
188
157
17
196
81
187
174
119
40
165
39
90
107
27
71
58
164
7
21
138
32
14
155
144
61
64
114
83
89
183
76
23
186
15
62
9
102
49
3
178
106
8
185
169
179
91
52
55
57
92
129
87
125
74
152
97
100
53
158
154
6
70
