148
12
130
94
63
182
136
180
173
6
133
151
51
66
141
60
46
68
0
170
117
93
140
36
67
108
69
163
110
191
139
198
115
193
41
96
5
42
181
146
103
192
160
48
30
54
147
104
177
10
190
4
112
156
29
126
28
184
11
166
116
105
77
131
149
47
65
118
59
72
162
161
194
154
158
53
100
97
152
74
125
87
1
150
101
26
121
99
189
19
124
111
167
172
129
82
120
44
25
78
145
168
31
13
56
16
88
171
113
50
188
157
17
196
81
187
174
90
107
27
71
58
164
7
95
119
40
165
8
185
169
179
91
55
52
106
178
3
32
138
49
102
155
144
9
62
61
64
114
83
89
183
76
23
186
15
33
37
