108
67
110
191
139
159
193
41
195
146
103
181
192
160
48
30
54
147
104
177
10
190
4
112
156
29
126
42
5
96
43
28
184
11
166
131
149
77
105
47
65
116
59
72
51
151
45
162
161
194
6
154
158
53
100
97
152
74
125
87
129
92
91
179
169
185
8
165
40
119
95
7
164
58
71
27
107
90
174
187
81
196
17
157
188
50
113
171
88
16
56
13
31
168
145
78
82
44
120
2
1
150
101
26
121
99
19
189
124
167
111
33
37
15
186
23
76
183
89
83
114
64
73
132
144
155
14
138
32
3
178
49
102
61
62
9
148
12
130
94
182
136
180
173
133
80
176
66
141
109
118
60
115
198
46
68
0
170
117
93
140
36
163
69
