24
149
131
166
11
184
28
77
105
116
65
5
96
41
193
159
199
18
69
108
67
163
36
140
93
117
170
0
110
191
139
198
46
115
59
118
60
141
66
51
109
72
162
161
194
173
180
136
182
63
12
130
148
37
33
111
167
124
94
189
19
99
121
26
101
150
1
2
120
44
82
78
145
168
31
13
56
16
88
171
113
50
188
157
17
196
81
187
174
119
40
165
39
90
107
27
71
58
164
7
21
138
32
14
155
144
61
64
114
83
89
183
76
23
186
15
62
9
102
49
3
178
106
8
185
169
179
91
52
55
57
92
129
87
125
74
152
97
100
53
158
154
6
70
127
29
156
190
10
177
30
54
48
34
103
146
181
192
160
147
104
4
112
126
