186
15
148
12
130
94
63
182
136
180
173
6
133
151
51
66
141
60
46
68
0
170
117
93
140
36
67
108
69
163
110
191
139
198
115
193
41
96
5
42
181
146
103
192
160
48
30
54
147
104
177
10
190
4
112
156
29
126
28
184
11
166
116
105
77
131
149
47
65
118
59
72
162
161
194
154
158
53
100
97
152
74
125
87
129
92
91
179
169
185
8
165
40
119
95
7
164
58
71
27
107
90
174
187
81
196
17
157
188
50
113
171
88
16
56
13
31
168
145
78
82
44
120
2
1
150
101
26
121
99
189
19
124
111
167
37
33
9
62
61
102
49
178
3
32
138
14
155
144
132
73
64
114
83
89
183
76
23
