46
60
118
109
141
66
176
80
133
173
180
136
182
94
130
12
148
9
62
61
102
49
178
3
32
138
14
155
144
132
73
64
114
83
89
183
76
23
186
15
37
33
111
167
124
189
19
99
121
26
101
150
1
2
120
44
82
78
145
168
31
13
56
16
88
171
113
50
188
157
17
196
81
187
174
90
107
27
71
58
164
7
95
119
40
165
8
185
169
179
91
92
129
87
125
74
152
97
100
53
158
154
6
194
161
162
45
151
51
72
59
65
47
149
131
77
105
116
166
11
184
28
126
29
156
112
4
190
10
177
104
147
54
30
48
160
192
103
146
181
42
5
96
41
193
115
198
139
191
110
163
69
108
67
36
140
93
117
170
0
68
