126
112
190
10
177
30
54
48
34
103
146
181
192
160
147
104
4
156
29
127
70
6
154
158
53
100
97
152
74
125
87
129
92
57
55
52
91
179
169
185
8
106
178
3
49
102
9
62
15
186
23
76
183
89
83
114
64
61
144
155
14
32
138
21
7
164
58
71
27
107
90
39
165
40
119
174
187
81
196
17
157
188
50
113
171
88
16
56
13
31
168
145
78
82
44
120
2
1
150
101
26
121
99
19
189
94
124
167
111
33
37
148
130
12
63
182
136
180
173
194
161
162
72
109
51
66
141
60
118
59
115
46
198
139
191
110
0
170
117
93
140
36
163
67
108
69
18
199
159
193
41
96
5
65
116
105
77
28
184
11
166
131
149
24
