178
106
52
55
125
74
152
19
124
167
111
33
37
148
12
130
94
189
99
182
136
180
173
6
133
151
51
66
141
60
46
68
0
170
117
93
140
36
67
108
69
163
110
191
139
198
115
193
41
96
5
42
181
146
103
192
160
48
30
54
147
104
177
10
190
4
112
156
29
126
28
184
11
166
116
105
77
131
149
47
65
118
59
72
162
161
194
154
158
53
121
100
26
97
1
101
150
87
2
120
44
82
92
179
91
145
78
168
31
13
56
16
88
171
113
50
188
157
17
196
169
81
187
174
40
119
8
165
39
90
107
27
71
58
164
7
21
138
32
14
155
144
61
64
114
83
89
183
76
23
186
15
62
9
102
49
3
