121
100
26
150
101
1
2
120
44
82
78
145
168
31
13
56
16
88
171
113
50
188
157
17
196
81
187
174
90
107
27
71
58
164
7
95
119
40
165
8
185
169
179
91
92
129
87
125
74
152
19
124
167
111
33
37
15
186
23
76
183
89
83
114
64
73
132
144
155
14
138
32
3
178
49
102
61
62
9
148
12
130
94
189
99
182
136
180
173
6
133
151
51
66
141
60
46
68
0
170
117
93
140
36
67
108
69
163
110
191
139
198
115
193
41
96
5
42
181
146
103
192
160
48
30
54
147
104
177
10
190
4
112
156
29
126
28
184
11
166
116
105
77
131
149
47
65
118
59
72
162
161
194
154
158
53
