100
121
53
158
154
194
161
162
72
59
118
65
47
77
149
131
166
11
126
29
156
112
4
190
10
177
104
147
54
30
48
160
103
146
181
192
184
28
43
105
116
5
96
41
193
115
198
139
191
110
163
69
108
67
36
140
93
117
170
0
68
46
60
141
66
51
151
133
6
173
180
136
182
99
189
94
130
12
148
9
62
61
102
49
178
3
32
138
14
155
144
132
73
64
114
83
89
183
76
23
186
15
37
33
111
167
124
19
152
74
125
87
129
92
91
179
169
185
8
165
40
119
95
7
164
58
71
27
107
90
174
187
81
196
17
157
188
50
113
171
88
16
56
13
31
168
145
78
82
44
120
2
1
101
150
26
