6
194
161
162
72
59
118
65
47
77
149
131
166
11
126
29
156
112
4
190
10
177
104
147
54
30
48
160
103
146
181
192
184
28
43
105
116
5
96
41
193
115
198
139
191
110
163
69
108
67
36
140
93
117
170
0
68
46
60
141
66
51
151
133
173
180
136
182
63
12
130
148
37
33
111
167
124
94
189
19
99
121
26
101
150
1
2
120
44
82
78
145
168
31
13
56
16
88
171
113
50
188
157
17
196
81
187
174
119
40
165
39
90
107
27
71
58
164
7
21
138
32
14
155
144
61
64
114
83
89
183
76
23
186
15
62
9
102
49
3
178
106
8
185
169
179
91
52
55
57
92
129
87
125
74
152
97
100
53
158
154
