180
26
103
163
89
165
127
114
137
75
76
48
52
179
172
57
66
94
154
47
148
60
23
20
59
28
101
149
4
199
140
183
174
55
34
170
152
53
184
167
189
155
84
70
161
3
15
145
195
126
13
132
169
65
188
6
150
192
147
71
67
120
51
125
90
191
178
10
133
44
17
100
63
96
32
102
38
27
16
197
1
24
156
42
196
80
190
105
73
164
54
31
193
117
30
198
151
19
112
121
116
118
74
139
11
138
182
2
85
98
158
25
123
173
136
162
46
175
78
142
45
5
7
177
171
157
104
56
144
160
33
49
29
39
12
0
109
35
37
41
111
68
8
82
58
87
21
61
79
91
141
97
77
50
14
81
153
186
119
159
143
106
124
128
62
18
83
181
95
130
22
185
86
166
194
88
176
