89
103
26
113
194
88
176
180
163
186
153
119
159
143
41
111
37
35
109
0
12
39
29
49
33
160
144
68
8
56
104
157
138
182
11
139
2
85
74
118
98
51
116
158
25
123
177
171
87
82
58
50
14
81
77
97
141
91
79
61
7
5
45
142
78
175
46
162
136
173
19
112
121
131
151
198
30
117
193
54
31
164
73
105
190
80
196
42
156
24
1
197
16
27
38
102
32
96
63
100
17
44
133
10
178
191
90
125
120
67
71
147
192
150
6
188
65
169
132
13
126
195
145
15
3
161
70
84
155
189
167
184
53
152
170
34
55
18
62
124
128
110
86
185
22
130
95
174
183
140
199
4
149
101
28
59
20
23
60
148
47
154
94
66
57
172
179
52
166
48
76
75
137
114
127
165
