132
169
65
188
6
150
192
147
71
67
120
125
90
191
178
10
133
44
17
100
63
96
32
102
38
27
16
197
1
24
156
42
30
198
117
193
54
31
164
73
136
105
190
80
46
162
175
78
142
45
5
7
61
79
91
141
77
97
146
187
165
127
89
163
103
26
114
137
75
76
48
166
194
88
180
176
64
128
110
86
95
185
22
179
52
172
57
66
94
154
47
148
60
23
20
59
28
101
149
4
199
140
183
174
83
62
18
55
34
170
152
53
184
155
167
189
69
109
29
39
12
0
35
37
111
41
159
143
124
106
119
186
153
81
14
50
58
87
82
68
8
104
56
144
160
33
49
11
139
182
138
157
171
177
123
25
173
151
19
112
121
116
51
98
118
74
85
2
43
168
195
126
13
145
15
3
70
161
