60
148
47
154
94
66
57
172
52
179
22
185
95
86
110
128
124
143
159
106
176
180
26
113
88
194
166
48
76
75
137
114
127
165
89
103
163
129
119
186
153
81
77
58
91
79
61
7
5
45
142
78
175
162
46
80
190
105
136
73
164
193
31
54
151
117
198
30
42
156
24
1
197
16
27
38
102
32
96
63
100
17
44
133
10
178
71
67
120
98
51
191
90
125
131
19
112
121
116
158
25
123
177
171
157
104
56
8
87
82
68
111
50
14
41
37
35
109
0
12
29
39
160
33
49
138
182
11
139
2
85
192
150
6
188
65
169
132
13
126
195
145
15
3
161
70
84
155
189
167
184
53
152
170
34
55
18
62
83
174
183
140
199
4
149
101
28
59
20
23
