159
119
81
14
41
111
37
35
109
0
12
29
39
160
33
49
138
182
11
139
2
85
134
43
168
195
126
13
145
15
189
167
184
155
84
3
70
161
132
169
65
188
6
150
192
147
71
67
120
51
98
116
121
112
19
131
125
90
191
178
10
133
44
17
100
63
96
32
102
38
27
16
197
1
24
156
42
30
198
117
151
54
31
193
164
73
136
105
190
80
46
162
175
78
142
45
5
123
25
171
177
7
61
79
91
87
8
104
56
144
68
82
58
77
97
153
186
163
26
103
89
165
127
114
137
75
76
48
166
194
88
180
176
86
110
95
185
22
179
52
172
57
66
94
154
47
148
60
23
20
59
28
101
149
4
140
199
9
183
174
53
152
170
34
55
18
62
128
124
106
143
