175
162
46
80
190
105
136
73
164
193
31
54
151
117
198
30
42
156
24
1
197
16
27
38
102
32
96
63
100
17
44
133
10
178
191
90
125
131
19
112
121
116
158
25
74
2
85
98
51
120
67
71
147
192
150
6
188
65
169
132
13
126
195
145
15
3
161
70
84
155
189
167
184
53
152
170
34
55
18
62
83
174
183
9
199
140
4
149
101
28
59
20
23
60
148
47
154
94
66
57
172
52
179
22
185
95
86
110
128
64
176
180
88
194
166
48
76
75
137
114
127
165
89
103
26
163
186
153
119
106
124
159
143
35
109
0
12
29
39
160
33
49
11
139
182
138
157
171
104
56
8
68
111
41
14
50
77
58
82
87
91
79
61
7
177
123
5
45
142
78
