27
38
102
32
96
63
100
17
44
133
10
178
115
147
192
150
6
188
65
169
132
161
70
3
15
145
13
126
195
168
139
11
49
160
33
138
182
2
85
74
118
98
51
120
67
71
191
90
125
131
19
112
121
116
158
25
123
177
21
87
82
171
157
104
56
8
68
111
41
14
81
119
159
143
35
0
12
39
29
109
69
189
167
155
184
53
152
170
34
55
18
62
124
128
110
181
174
183
140
199
4
149
101
28
59
20
23
60
148
47
154
94
66
57
22
130
95
185
179
172
52
166
48
76
75
137
114
127
165
89
163
103
26
113
194
88
176
180
129
186
153
97
77
58
91
79
61
7
5
45
142
78
175
162
46
80
190
105
136
73
164
193
31
54
151
117
198
30
42
156
24
1
197
16
