8
104
56
144
160
33
49
11
138
182
139
2
85
74
118
98
51
116
121
131
151
198
30
117
193
54
31
164
73
105
136
173
19
112
158
25
123
177
171
87
82
91
79
61
7
5
45
142
78
175
162
46
80
190
196
42
156
24
1
197
16
27
38
102
32
96
63
100
17
44
133
10
178
191
90
125
120
67
71
147
192
150
6
188
65
169
132
13
126
195
145
15
3
161
70
84
155
189
167
184
53
152
170
34
55
174
183
9
199
140
4
149
101
28
59
20
23
60
148
47
154
94
66
57
172
52
179
22
185
95
181
83
18
62
124
128
110
86
176
180
88
194
166
48
76
75
137
114
26
103
163
89
127
165
187
146
97
77
58
50
14
81
153
186
119
159
143
35
109
0
29
39
12
37
41
111
68
