116
158
25
118
98
51
120
67
71
191
90
125
131
135
32
102
63
100
17
44
133
10
178
115
147
192
150
6
85
2
182
138
157
171
104
56
8
68
111
41
14
81
119
159
143
35
109
0
12
29
39
160
33
49
11
139
168
195
126
169
188
65
132
13
145
15
3
161
70
84
155
189
167
184
53
152
170
34
55
174
183
140
199
4
149
101
28
59
20
23
60
148
47
154
94
66
57
172
52
179
22
185
95
181
83
18
62
124
128
110
86
176
180
88
194
166
48
76
75
137
114
127
165
89
103
26
163
186
153
97
77
58
82
87
91
79
61
7
177
123
5
45
142
78
175
162
46
80
190
196
42
27
38
16
197
1
24
156
30
198
117
151
54
31
73
164
193
105
136
173
19
112
121
