145
13
132
169
65
188
126
195
168
43
134
85
2
139
11
182
138
49
33
160
39
29
12
0
109
35
37
41
111
68
8
56
104
157
171
82
87
21
177
123
25
158
19
112
121
116
98
51
125
90
191
120
67
71
150
192
147
115
178
10
133
44
17
100
63
96
32
102
38
27
16
197
1
24
156
198
117
30
42
196
80
190
105
193
151
54
31
164
73
136
46
162
45
142
175
78
5
7
61
79
91
58
77
81
153
186
119
159
143
124
106
129
163
180
176
88
194
113
26
103
89
165
127
114
137
75
76
48
166
86
110
128
181
95
185
22
179
52
172
57
66
94
154
47
148
60
23
20
59
28
101
149
4
199
140
183
174
83
62
18
55
34
170
152
53
184
167
189
155
84
70
161
3
15
