31
193
105
190
80
196
42
30
117
198
156
24
1
197
16
27
38
102
32
96
63
100
17
44
133
10
178
191
90
125
131
121
116
158
25
118
98
51
120
67
71
147
192
150
6
188
65
169
132
161
70
3
15
145
13
126
195
168
43
2
182
138
11
49
33
160
39
29
12
0
109
35
37
41
111
68
82
58
50
14
81
119
159
143
106
124
128
62
18
55
34
69
189
167
155
184
53
174
183
140
199
4
149
101
28
59
20
23
60
148
47
154
94
66
57
172
52
179
22
185
95
110
86
176
180
88
194
166
48
76
75
137
114
127
165
89
103
26
163
186
153
77
97
141
91
79
61
21
87
8
56
104
157
171
177
7
5
78
175
142
45
46
162
136
173
112
19
151
54
73
164
