155
167
189
69
29
39
12
0
109
35
37
41
111
68
82
87
8
104
56
144
160
33
49
11
139
182
138
157
171
177
123
25
158
19
112
121
131
125
90
191
71
67
120
51
98
118
74
85
2
43
168
195
126
13
145
15
3
70
161
132
169
65
188
6
150
192
147
115
178
10
133
44
17
100
63
102
38
27
16
197
1
24
156
42
196
80
190
105
193
117
30
198
151
54
31
164
73
136
162
46
175
78
142
45
5
7
61
79
91
141
97
77
58
50
14
81
119
159
143
124
106
129
153
186
165
127
89
163
103
26
114
137
75
76
48
166
194
88
180
176
86
110
128
62
18
83
181
95
185
22
179
52
172
57
66
94
154
47
148
60
23
20
59
28
101
149
4
199
140
183
174
55
34
170
152
53
184
