85
74
118
98
51
125
90
191
120
67
71
150
192
147
115
178
10
133
44
17
100
63
96
32
102
38
27
16
197
1
24
156
42
30
198
117
193
31
164
73
54
151
19
112
121
116
158
25
171
177
123
173
136
105
190
80
46
162
175
78
142
45
5
7
61
79
91
141
97
77
58
50
14
81
119
159
143
124
106
129
153
186
163
165
127
89
103
26
114
137
75
76
48
166
194
88
180
176
64
128
110
86
95
185
22
179
52
172
57
66
94
154
47
148
60
23
20
59
28
101
149
4
199
140
183
174
83
62
18
55
34
170
152
53
184
155
84
3
70
161
65
188
169
132
13
126
195
145
15
189
167
69
109
29
39
12
0
35
37
41
111
68
82
87
8
104
56
144
160
33
49
138
182
11
139
2
