26
113
194
88
180
176
64
110
128
62
124
106
143
159
119
186
153
81
14
50
82
87
58
77
97
141
91
79
61
7
177
123
5
45
142
78
175
46
162
136
105
190
80
196
42
156
24
1
197
16
27
38
102
32
96
63
100
17
44
133
10
178
191
90
125
120
67
71
147
192
150
6
188
65
169
43
11
139
2
85
74
118
98
51
116
121
131
151
198
30
117
193
54
31
164
73
19
112
158
25
182
138
157
171
104
56
8
68
111
41
37
144
160
33
49
29
39
12
0
35
109
69
167
189
15
145
195
126
13
132
161
70
3
84
155
184
53
152
170
34
55
174
183
140
199
4
149
101
28
59
20
23
60
148
47
154
94
66
57
172
52
179
22
185
95
86
166
48
76
75
137
114
127
165
89
163
103
