78
142
45
5
123
177
7
61
79
91
87
82
58
77
50
14
41
111
68
8
56
104
171
157
138
182
139
11
49
33
160
39
29
12
0
109
35
143
159
124
106
119
153
186
163
26
103
89
165
127
114
137
75
76
48
166
194
88
180
176
64
128
110
86
95
185
22
179
52
172
57
66
94
154
47
148
60
23
20
59
28
101
149
4
140
199
9
183
174
83
62
18
55
34
170
152
53
184
167
189
155
84
70
161
3
15
145
195
126
13
132
169
65
188
6
150
192
147
71
67
120
51
98
85
2
74
25
158
116
121
112
19
131
125
90
191
178
10
133
44
17
100
63
96
32
102
38
27
16
197
1
24
156
42
30
198
117
151
54
31
193
164
73
136
105
190
80
46
162
175
