192
147
71
67
120
51
125
90
191
178
10
133
44
17
100
63
96
32
102
38
27
16
197
1
24
156
42
30
198
117
151
54
31
193
164
73
136
105
190
80
46
162
175
78
142
45
5
7
177
123
171
25
158
19
112
121
116
98
118
74
85
2
139
11
182
138
49
33
160
39
29
12
0
109
35
143
159
119
81
14
41
111
68
144
56
104
8
82
87
21
61
79
91
58
77
97
153
186
163
165
127
89
103
26
114
137
75
76
48
166
194
88
180
176
86
110
128
124
62
18
83
181
95
185
22
179
52
172
57
66
94
154
47
148
60
23
20
59
28
101
149
4
199
140
183
174
55
34
170
152
53
184
167
189
155
84
3
70
161
15
145
13
126
132
169
65
188
6
150
