42
118
161
52
163
166
188
134
46
148
132
14
21
10
140
77
149
179
115
92
37
11
15
72
8
17
99
168
86
129
135
133
157
84
123
192
54
74
110
170
57
169
178
95
68
16
78
63
145
96
114
5
171
65
184
198
121
32
142
26
183
28
175
185
44
19
117
66
151
112
100
23
59
173
13
85
43
164
94
62
180
141
89
0
195
34
75
131
174
101
53
7
22
35
27
147
91
71
47
177
155
3
103
146
139
98
45
152
31
116
172
108
199
30
12
56
36
49
69
128
176
18
165
126
191
197
61
136
70
1
41
143
187
50
48
2
186
189
90
20
80
51
104
154
196
113
33
130
60
