138
36
196
147
85
51
165
76
83
139
26
126
43
96
152
72
173
130
167
145
144
14
174
148
52
175
102
94
142
140
86
46
161
121
84
199
122
3
120
35
32
125
27
91
177
99
110
65
115
71
62
153
74
100
135
169
114
183
82
95
89
191
81
193
101
187
58
9
49
48
149
68
111
37
179
154
150
186
134
132
162
88
107
11
195
172
21
75
12
44
160
131
178
182
176
170
73
92
45
47
113
40
108
171
20
5
93
98
6
17
188
55
7
158
22
157
189
194
54
185
146
18
155
159
118
10
53
90
80
15
59
103
78
163
164
97
184
123
64
16
25
56
129
66
116
133
69
124
0
181
30
127
70
180
109
63
1
79
156
77
141
29
41
197
4
198
34
136
105
31
50
19
106
112
104
119
28
61
23
190
87
42
67
13
2
57
33
24
192
60
