44
148
170
171
25
172
17
182
123
177
85
86
80
61
99
42
90
196
156
198
49
21
16
116
73
141
112
184
153
122
0
7
155
193
27
178
77
62
118
66
174
71
186
98
28
143
72
78
59
190
81
70
125
107
79
147
114
88
26
53
189
185
183
68
50
108
110
91
89
137
163
149
194
151
113
84
168
12
175
46
146
130
1
104
158
24
181
128
45
134
142
109
20
159
135
97
93
87
188
126
38
119
37
22
15
161
31
164
35
100
14
138
34
106
29
195
30
39
167
58
83
132
94
57
18
69
82
6
76
47
133
139
32
75
55
4
179
102
121
92
199
2
105
103
56
117
192
36
33
166
162
101
95
154
8
48
54
63
131
120
145
60
176
124
43
67
9
169
180
197
11
51
65
115
52
136
