3
127
63
142
9
153
80
197
184
30
187
114
120
44
64
170
111
8
100
96
193
61
4
161
10
160
94
151
124
26
21
132
91
60
40
78
24
13
176
164
50
34
83
88
148
93
39
0
46
138
19
95
113
70
65
108
41
6
103
28
195
55
188
109
56
145
62
33
104
185
147
36
37
57
23
53
157
1
89
47
29
11
75
192
150
43
90
106
49
31
45
5
180
166
173
15
35
66
68
190
178
122
121
156
154
116
115
99
134
194
169
87
126
2
177
198
58
155
143
172
92
140
137
135
159
79
191
175
12
7
165
101
67
110
183
105
189
146
97
144
77
141
182
20
112
168
133
69
73
174
38
158
74
32
27
54
181
18
128
51
72
125
123
71
117
98
149
17
25
152
139
186
102
84
199
48
131
129
42
130
118
59
136
86
179
81
52
167
196
16
14
163
22
76
119
85
171
82
