36
15
50
151
7
182
39
114
49
30
121
23
111
14
197
51
47
117
147
172
135
46
167
142
132
178
99
18
187
81
122
185
64
92
163
104
5
86
20
16
41
57
76
33
53
28
103
157
90
128
196
25
115
129
38
189
138
9
108
1
48
32
40
101
166
67
148
84
68
83
75
74
37
139
137
164
71
95
194
177
2
113
45
62
119
149
77
145
184
0
191
11
123
69
136
29
27
34
97
174
43
192
110
161
79
85
82
173
42
169
134
116
8
171
170
183
44
186
156
180
107
72
91
146
127
165
63
31
88
112
10
143
162
150
78
153
102
12
54
66
105
100
120
56
58
59
195
176
168
24
188
65
106
109
198
152
3
61
144
141
124
125
93
158
133
6
55
160
35
130
4
21
19
190
87
13
154
80
89
179
52
