182
32
37
72
95
52
156
133
65
12
51
43
81
154
167
175
173
0
171
85
125
91
147
90
114
157
78
79
178
22
41
127
67
170
148
151
98
108
74
1
48
86
68
70
131
94
190
132
183
35
140
89
29
197
139
82
76
53
119
199
39
118
96
192
26
103
129
62
66
194
120
8
87
6
42
177
47
144
92
160
130
136
14
40
3
195
54
80
21
83
4
180
184
30
150
149
11
60
111
145
106
186
165
128
88
77
134
93
56
153
9
23
24
126
124
138
100
110
158
69
46
18
45
71
107
185
2
55
163
33
49
164
75
115
16
38
122
50
10
169
188
142
28
116
137
161
61
113
27
179
123
13
25
152
196
143
7
17
112
5
162
174
102
44
31
64
104
172
141
