126
128
81
53
108
42
144
122
160
178
64
13
39
92
38
146
32
115
97
168
187
161
177
27
190
162
26
5
29
96
181
139
99
57
20
197
58
153
21
0
183
28
170
148
141
116
101
119
47
36
30
67
89
2
104
93
68
85
111
169
69
74
182
48
60
61
189
24
150
65
121
147
86
95
46
90
185
31
56
82
98
193
149
79
173
196
195
34
164
52
143
77
50
166
136
124
113
102
106
176
133
151
76
35
19
131
129
4
18
84
179
192
43
165
40
22
172
83
117
10
127
188
55
51
114
199
125
140
88
180
154
66
130
152
123
163
80
71
94
3
7
112
72
16
25
9
142
107
167
62
70
75
73
175
120
14
157
44
23
171
159
78
137
12
155
41
135
186
37
109
191
33
118
17
184
45
103
1
110
59
87
145
91
100
