103
2
165
159
41
18
121
98
88
107
123
156
14
118
102
178
89
25
133
175
90
12
93
114
60
1
147
195
105
8
174
142
166
57
110
0
161
21
24
77
26
190
48
82
38
6
13
29
30
104
119
91
125
148
192
23
182
194
22
73
34
42
61
44
70
10
78
83
74
35
36
27
71
52
184
54
197
171
97
140
100
127
138
9
155
151
7
85
28
72
157
179
16
75
116
188
113
80
199
51
96
122
19
167
130
94
39
95
189
63
150
101
186
32
3
139
143
152
64
137
84
191
46
67
172
144
196
40
180
111
135
170
53
56
87
141
115
158
99
112
5
92
4
109
76
183
181
43
132
108
65
131
162
168
117
