89
35
6
20
115
43
159
5
149
148
167
154
64
56
152
8
171
91
117
58
125
140
178
145
121
68
50
195
75
177
100
42
29
73
166
96
90
54
72
147
16
86
164
108
163
156
151
162
138
13
1
139
197
196
110
94
141
98
155
87
113
182
31
79
131
19
76
57
169
40
97
44
26
25
119
161
65
32
142
66
37
104
85
78
67
82
168
144
84
132
17
47
194
14
21
130
69
27
53
71
10
61
136
81
170
160
77
3
126
153
102
114
95
22
12
46
179
63
33
181
11
146
55
176
74
116
158
180
28
122
38
109
193
30
185
51
15
165
101
186
59
4
199
129
184
2
137
24
41
9
88
23
133
80
172
150
62
191
127
189
