162
74
134
156
91
76
136
107
191
58
63
168
69
99
62
124
5
89
57
28
106
117
175
2
172
104
126
199
92
108
48
68
185
22
169
43
50
155
95
6
129
98
11
54
190
61
46
165
34
32
24
27
142
164
7
179
153
183
38
101
72
186
110
70
26
103
42
86
197
123
171
194
140
85
143
55
158
146
87
102
195
8
182
25
60
10
170
64
37
73
47
122
149
40
166
51
161
130
176
23
192
111
44
177
120
30
167
59
4
133
97
115
139
178
53
160
148
14
119
88
35
0
181
56
65
15
81
93
154
29
67
157
152
188
20
145
96
198
100
151
118
173
3
21
125
36
33
45
90
147
84
127
12
83
75
17
82
49
189
144
128
184
94
105
112
109
13
121
116
113
1
66
132
31
16
141
193
78
196
159
52
174
71
114
138
163
150
19
180
39
79
18
