57
182
49
128
100
87
189
52
118
30
59
67
5
44
119
130
33
117
6
170
190
3
110
89
186
196
164
37
151
112
191
75
103
66
147
163
195
183
40
162
174
48
160
157
181
92
14
65
161
155
34
96
81
62
11
82
184
179
113
76
58
140
4
71
90
124
21
153
199
36
146
13
121
22
17
149
63
45
29
2
156
197
56
84
106
86
23
16
73
172
137
142
107
15
88
192
77
83
70
114
141
95
116
72
102
132
105
20
176
26
85
109
104
12
0
24
159
135
64
41
175
28
74
42
108
166
68
9
94
154
193
115
171
122
138
53
111
27
188
80
125
180
39
145
60
126
61
144
120
91
98
69
127
47
18
123
54
10
101
129
148
93
177
158
