121
195
20
156
167
138
13
25
157
34
93
18
122
136
114
89
123
14
198
130
7
30
139
56
90
63
111
152
38
80
15
187
155
67
125
40
171
133
116
104
66
158
147
21
24
175
196
148
159
153
69
174
57
68
73
134
85
78
164
143
86
28
5
128
52
173
88
105
127
48
43
180
77
98
70
150
53
8
22
109
126
199
124
12
60
55
64
151
185
92
91
100
58
106
1
183
190
26
193
31
9
172
32
170
197
79
168
149
179
74
188
19
50
71
59
146
99
62
144
36
44
96
115
182
112
118
46
54
29
37
176
41
45
141
135
181
113
17
0
191
94
184
33
72
10
163
23
132
177
49
103
169
42
87
189
107
192
65
47
165
83
145
81
102
110
166
11
35
3
82
162
101
186
51
