6
156
103
18
182
122
67
36
186
72
9
19
45
166
162
116
178
165
8
43
109
20
48
161
110
152
157
71
37
146
99
12
104
155
1
180
145
5
105
81
124
0
193
83
169
92
52
174
17
101
16
50
131
189
70
66
100
171
77
59
15
148
11
69
135
93
33
106
114
181
55
129
130
187
61
143
31
172
197
132
195
119
39
198
160
107
98
89
123
128
163
24
2
76
191
199
91
112
192
125
65
58
126
64
144
175
115
62
111
108
149
137
184
3
26
49
22
80
51
84
32
159
56
170
121
153
188
150
138
13
96
7
27
21
179
177
173
79
194
23
4
75
120
95
86
141
185
