30
33
28
83
126
70
132
162
87
136
155
65
164
78
135
101
96
36
16
32
11
191
177
26
137
158
24
31
163
176
64
86
49
154
15
185
69
38
178
12
37
14
51
192
27
168
62
71
180
44
99
67
5
187
17
58
151
166
45
148
109
106
160
84
123
60
94
174
194
153
182
66
80
110
47
107
1
59
54
113
198
111
7
92
77
195
143
188
40
56
129
130
157
121
139
134
43
112
97
9
76
150
100
170
81
149
46
114
3
115
34
22
184
141
52
117
193
167
0
74
144
142
53
189
73
104
63
127
23
190
2
75
57
183
108
41
25
90
131
172
128
147
72
199
140
197
138
21
85
89
125
42
61
196
4
179
55
103
29
161
165
18
171
