156
168
56
6
93
51
91
88
26
22
161
164
40
186
68
138
36
113
84
58
176
12
105
173
187
179
53
181
62
41
136
195
170
153
74
79
46
143
73
35
17
52
135
190
107
172
196
50
148
171
82
114
103
98
106
142
110
198
154
132
123
191
85
162
87
66
99
131
185
75
60
72
139
32
8
10
0
188
124
119
118
144
14
120
28
112
2
48
180
81
34
71
42
3
24
155
92
192
57
157
16
59
9
158
134
199
43
178
197
19
109
129
147
29
169
111
121
141
95
160
90
33
96
174
194
30
13
86
61
183
1
64
116
150
117
15
23
47
130
165
67
37
137
49
100
145
166
122
175
182
108
163
115
101
5
63
4
126
128
65
55
140
7
31
104
149
80
97
89
127
193
54
45
77
44
159
146
38
83
177
78
167
184
20
39
11
70
27
76
151
18
125
152
