183
72
139
2
74
137
178
168
161
99
153
40
121
8
58
94
36
129
185
165
49
116
80
140
115
3
167
193
42
20
188
125
60
96
17
35
134
158
47
95
0
143
25
97
77
51
30
32
171
82
180
108
26
175
146
190
9
156
182
85
45
6
16
71
100
187
53
31
70
56
28
148
68
189
117
151
23
152
10
24
149
169
73
119
102
176
75
76
123
92
150
79
155
69
63
173
88
65
57
33
135
84
164
44
38
104
127
5
172
113
106
122
46
177
22
128
101
192
197
160
191
19
12
62
90
29
157
174
86
136
184
105
89
147
98
50
154
126
15
138
78
59
186
48
195
170
93
198
132
110
39
52
61
131
91
120
142
14
103
83
124
11
