168
109
16
111
45
51
117
47
197
125
72
178
64
119
97
186
53
138
132
0
123
25
61
18
169
42
148
9
93
31
134
142
50
43
133
85
54
35
10
36
112
153
98
183
174
160
82
127
181
30
90
175
140
152
113
34
157
115
2
122
40
84
106
14
195
196
77
199
49
182
176
159
21
164
198
22
193
26
167
144
194
78
128
5
154
80
55
184
8
105
39
46
57
163
137
170
180
191
161
162
130
135
147
177
116
107
1
3
145
6
141
69
103
68
13
151
95
88
70
143
59
190
185
79
89
73
81
23
189
124
44
37
24
172
63
75
17
114
131
171
166
165
121
155
120
56
187
179
158
156
27
188
15
66
139
65
192
110
71
19
92
60
149
48
104
12
94
38
4
74
102
11
28
129
99
7
