106
148
179
27
108
105
129
141
156
16
199
43
103
28
159
86
65
4
48
1
131
33
81
22
51
178
183
187
67
44
171
61
118
95
124
142
182
85
14
91
66
176
62
167
160
153
63
54
102
46
113
189
52
34
78
151
58
126
53
38
87
111
116
84
56
13
138
24
184
143
12
161
82
50
45
37
49
196
25
173
26
36
35
7
115
18
96
80
71
70
114
147
165
83
8
134
15
170
172
76
17
132
177
77
130
99
88
9
2
133
152
164
69
68
104
191
39
145
181
110
117
30
194
185
154
139
59
10
149
190
140
73
109
146
97
20
175
75
6
107
119
163
40
21
195
0
29
19
11
42
122
57
64
197
193
101
72
123
5
