175
188
33
196
131
45
195
95
112
15
14
0
191
186
86
159
79
107
49
180
8
171
120
51
100
141
127
104
40
44
157
35
53
170
126
109
48
154
152
156
69
182
13
105
114
189
34
168
119
65
145
85
73
165
143
142
30
71
123
118
167
22
64
116
92
158
17
146
198
67
27
96
121
148
103
60
163
185
174
134
80
58
29
82
76
3
137
169
75
9
5
153
124
54
2
93
16
133
68
46
108
62
113
25
24
160
177
193
7
91
102
59
94
57
56
37
88
181
155
6
122
190
72
194
166
101
151
135
19
128
26
66
87
78
125
139
63
132
173
184
199
192
150
21
89
136
117
38
161
111
20
164
98
36
115
149
187
83
162
12
61
11
1
197
41
106
183
179
74
84
140
47
172
4
147
