190
125
7
128
126
68
56
71
149
39
85
188
79
146
91
9
134
135
180
94
131
82
133
92
111
55
113
177
13
42
81
150
105
60
156
132
193
172
189
148
52
11
195
35
49
78
54
87
114
8
38
89
88
95
6
44
116
17
16
163
199
61
119
169
45
115
162
76
142
137
21
18
12
25
69
27
130
196
0
32
46
176
51
26
117
40
159
104
29
70
14
90
170
15
168
182
106
1
144
41
127
62
83
33
110
10
75
122
112
108
73
77
136
173
141
158
65
43
139
164
151
145
24
155
175
47
152
143
93
72
140
166
154
96
191
20
4
48
97
80
167
187
63
59
120
102
101
118
19
147
3
157
99
53
179
57
5
107
165
192
28
36
153
50
30
194
103
109
86
31
58
183
161
124
123
23
34
121
184
22
64
181
2
100
197
37
186
67
171
98
185
198
160
66
84
178
138
174
74
