21
155
61
149
91
168
80
197
150
76
164
115
112
108
133
142
18
162
55
52
15
89
19
174
153
34
99
103
26
71
0
32
125
10
151
8
53
48
176
78
114
123
17
105
33
198
166
31
100
131
128
146
85
93
60
7
35
74
185
158
14
28
58
199
169
79
143
84
86
94
172
49
68
29
118
139
77
70
75
56
124
4
40
51
194
186
6
65
180
152
59
159
178
173
92
12
163
147
62
72
116
141
175
36
144
119
113
167
181
165
192
101
1
11
42
69
138
83
47
13
137
132
117
136
87
122
50
97
73
190
109
90
27
57
195
5
121
45
20
39
154
16
9
104
64
140
191
67
179
183
43
170
30
37
