198
104
6
14
99
88
89
164
73
75
159
192
24
135
197
19
20
131
33
189
109
124
130
64
136
187
183
176
152
194
80
190
67
126
17
105
146
107
141
100
85
191
48
179
113
51
55
35
32
25
68
134
117
77
37
167
38
158
106
82
53
156
155
162
170
54
114
70
157
140
18
173
56
31
49
180
76
21
58
47
91
118
137
116
174
154
108
36
165
39
34
186
0
16
128
87
40
123
103
9
151
2
147
142
11
84
168
81
79
63
120
195
7
22
27
110
163
125
8
45
153
46
59
69
4
144
199
57
171
115
90
42
188
112
149
182
184
175
145
23
28
148
3
96
10
122
129
30
172
71
13
132
161
133
160
44
26
127
193
166
61
5
95
139
196
181
41
78
86
