95
22
118
125
47
190
138
75
175
31
191
162
100
63
13
103
151
178
46
104
55
107
184
129
58
69
169
186
9
67
38
132
195
52
170
183
93
140
21
50
102
17
26
92
196
49
198
167
136
12
153
109
16
158
117
35
176
188
4
148
137
45
32
181
44
96
192
86
88
135
14
90
160
24
147
120
139
34
80
141
72
5
182
6
30
74
123
180
166
85
54
165
25
87
73
53
76
112
70
199
18
172
171
164
1
23
168
10
185
161
43
157
3
68
91
97
155
82
83
173
197
179
0
116
156
194
61
128
2
146
8
20
189
111
78
133
115
127
39
114
64
108
57
119
48
42
121
41
79
89
193
