176
90
189
60
172
65
35
181
114
171
128
4
186
140
110
121
57
26
175
101
160
177
83
187
159
3
64
59
129
182
116
179
30
162
131
18
120
27
151
28
49
123
62
14
74
133
111
198
20
190
115
185
132
84
103
125
38
71
93
45
153
146
69
149
51
31
58
39
23
52
119
178
145
82
195
5
32
102
86
47
150
148
97
126
2
122
136
12
166
37
10
8
9
137
78
7
165
99
191
91
77
155
193
85
144
163
16
100
188
161
164
80
70
169
61
79
105
174
13
127
192
196
41
48
76
98
63
183
21
33
87
88
138
194
167
53
168
112
95
17
170
152
134
68
19
43
157
42
184
109
142
154
197
124
81
147
44
11
72
66
