32
8
84
132
125
57
39
150
66
91
79
188
112
5
190
136
127
46
48
134
93
54
167
185
73
128
63
175
38
85
193
115
117
161
135
25
189
76
95
1
113
196
72
177
194
176
168
51
19
47
191
103
149
37
44
42
9
10
152
94
114
34
173
78
28
97
171
137
142
55
67
56
27
147
89
140
138
21
151
88
160
58
133
153
31
164
183
74
17
199
102
22
130
40
108
144
124
14
49
15
156
69
143
50
83
68
2
118
35
155
96
26
16
145
146
62
98
158
87
109
3
100
172
186
71
129
60
131
166
80
187
141
107
18
24
23
99
165
169
30
119
197
123
52
162
92
77
154
