83
194
63
154
132
147
160
12
35
109
30
192
183
151
48
87
156
137
72
68
36
139
22
179
79
17
180
170
55
190
11
188
1
56
66
196
81
174
96
62
77
43
15
149
135
64
88
24
50
2
8
161
40
60
159
187
186
162
133
98
0
61
51
199
70
138
6
97
165
123
89
65
168
164
104
142
53
114
173
95
105
7
158
93
175
144
155
94
140
102
67
166
27
157
44
54
129
197
46
198
47
113
49
125
86
120
184
177
100
116
117
152
91
99
119
121
28
10
128
185
32
13
9
69
57
141
33
45
146
182
172
169
103
38
20
34
42
106
74
130
136
189
110
134
115
131
171
19
21
25
26
178
92
127
5
41
4
118
181
163
150
153
148
59
107
3
126
14
191
18
122
