52
197
42
79
28
5
169
41
138
160
60
186
167
89
39
151
159
105
113
93
96
191
81
70
26
161
33
129
15
116
193
49
139
1
174
90
51
101
125
198
115
127
188
23
112
120
99
134
63
144
114
110
171
176
195
8
50
131
18
57
48
118
86
106
175
108
117
83
148
183
97
143
0
199
102
173
142
13
177
92
185
190
126
135
194
128
137
14
192
10
4
88
3
20
77
82
119
44
133
94
91
141
45
40
122
103
152
155
172
53
34
38
47
107
132
149
59
182
65
123
30
24
121
75
72
58
11
22
61
54
111
37
157
55
100
12
21
145
178
31
189
146
187
95
68
84
74
71
62
78
32
36
196
124
153
64
80
9
147
104
87
67
136
140
66
164
69
158
166
35
76
162
150
170
7
16
130
163
165
156
98
2
27
85
184
