179
97
102
109
62
1
174
11
130
182
75
64
161
103
178
125
25
177
118
155
38
143
144
128
42
69
159
10
173
5
73
172
135
7
193
116
83
153
55
169
36
39
146
113
197
122
8
34
98
184
180
74
20
119
111
41
67
14
175
110
61
181
123
139
101
154
26
72
131
183
50
167
54
82
68
17
71
58
93
4
195
48
150
106
138
156
149
129
166
43
51
187
191
117
137
140
65
81
163
145
192
2
185
170
105
158
40
148
176
28
120
196
79
132
142
171
126
70
44
21
23
124
84
16
121
59
147
136
198
127
6
60
19
95
87
96
114
90
46
76
164
32
189
31
115
160
190
133
77
63
22
13
27
151
112
9
12
85
107
33
18
188
168
15
141
