107
62
40
55
117
4
59
127
119
160
24
135
187
69
5
25
199
183
99
106
102
3
26
100
7
0
125
82
141
11
162
22
32
53
81
108
110
184
14
148
136
140
73
48
84
186
34
123
47
64
96
180
142
33
170
66
129
188
192
31
88
196
130
181
122
17
150
78
8
195
89
115
189
153
145
175
190
29
65
144
46
173
6
185
120
67
71
166
50
171
79
112
10
157
161
56
30
132
61
28
1
133
15
154
143
169
167
35
164
75
172
23
103
151
74
39
109
118
147
179
137
45
124
90
76
114
197
54
111
72
57
52
19
44
9
165
18
36
116
168
12
97
51
63
43
152
193
87
182
80
131
37
178
128
139
138
41
156
105
146
42
177
163
70
77
2
158
198
98
91
13
38
20
194
92
16
159
134
27
83
85
21
93
95
155
191
101
104
