30
91
170
198
133
149
101
84
166
10
86
35
52
155
162
187
192
53
169
100
107
82
113
131
120
89
28
153
168
54
129
147
172
59
8
25
93
48
57
144
175
49
70
104
75
41
130
180
143
38
36
110
77
40
178
20
163
124
76
128
37
154
138
119
174
176
95
66
73
55
17
199
19
50
18
197
173
11
116
46
47
88
196
12
94
13
114
34
142
69
118
15
3
164
26
167
121
27
152
63
195
184
103
80
111
148
87
1
24
183
182
112
22
31
72
106
137
158
68
145
65
146
165
132
127
115
32
96
177
102
123
191
85
67
193
122
42
64
117
78
44
140
7
108
97
33
23
141
105
0
