81
171
59
46
39
17
152
139
11
162
188
58
16
105
155
104
172
61
134
183
86
167
42
103
57
65
184
87
85
140
159
119
131
75
44
111
53
14
68
22
124
95
128
177
9
185
6
181
32
178
145
0
130
66
90
50
55
77
123
191
25
41
12
182
121
64
40
2
102
100
28
88
7
91
196
175
21
89
116
35
192
168
33
51
189
43
29
19
193
154
173
148
108
73
107
158
24
166
20
125
56
146
147
38
15
117
122
47
70
98
99
149
176
82
170
48
92
31
144
112
49
4
52
37
153
84
199
8
179
110
26
13
30
109
120
79
118
127
34
36
198
187
142
69
161
74
54
62
133
132
126
96
174
76
10
115
83
194
157
169
80
186
156
113
72
114
45
78
190
23
63
163
141
180
18
150
106
1
93
164
97
67
129
138
136
