14
166
97
191
149
22
99
159
194
8
5
46
195
148
11
94
111
44
61
21
4
171
84
139
62
178
35
179
173
133
79
143
188
96
51
24
181
157
82
33
140
75
169
101
15
48
83
40
113
112
154
129
136
18
186
180
49
16
170
107
76
130
167
121
7
2
115
25
124
138
116
190
1
127
131
85
43
120
187
91
0
90
137
155
70
135
105
86
60
30
126
145
17
88
189
31
197
32
93
146
122
92
100
182
66
125
95
27
172
151
98
45
50
38
63
28
37
81
192
177
54
87
103
168
142
150
118
42
193
41
64
78
72
39
165
102
199
47
13
55
163
3
158
176
59
19
110
36
198
80
20
106
114
73
160
196
9
134
23
185
109
156
141
153
132
67
29
57
184
77
71
123
52
108
10
175
174
