69
23
150
180
88
122
179
52
144
25
109
115
176
123
168
132
108
58
12
197
74
192
149
135
60
189
172
13
89
154
185
131
140
119
38
183
82
20
177
158
126
120
18
199
49
96
133
64
34
17
63
59
170
198
51
32
40
53
15
4
78
164
129
156
138
44
10
54
33
14
128
71
194
121
188
81
181
8
48
160
84
162
66
11
97
94
145
7
61
57
19
39
159
22
77
24
42
105
6
90
67
166
124
27
91
127
73
173
41
37
103
104
148
146
169
151
175
62
16
79
184
174
182
178
35
157
47
30
143
87
31
116
55
114
139
142
190
136
171
95
5
165
36
155
163
46
