148
14
169
69
21
186
9
76
142
159
92
45
182
172
22
29
65
101
30
99
85
84
2
163
193
185
117
150
145
105
48
64
155
1
132
25
5
104
134
119
27
35
194
20
24
42
94
192
33
198
57
97
16
129
109
96
70
13
184
38
173
18
199
31
174
32
196
82
53
110
103
83
178
166
91
44
19
128
122
55
4
73
50
123
100
158
102
43
124
146
136
80
28
137
140
151
195
189
11
75
143
138
56
60
8
112
98
34
161
49
10
39
152
139
127
40
58
167
74
89
61
188
46
168
120
147
26
114
181
165
47
68
177
126
183
171
176
170
52
131
88
66
59
86
77
3
54
81
72
12
6
0
156
107
130
67
90
133
79
51
15
111
115
153
