179
32
100
46
56
64
127
98
10
93
65
155
183
37
120
41
29
117
83
67
88
151
90
95
122
150
114
27
168
137
16
157
193
26
0
7
139
60
24
23
28
140
9
48
171
154
34
110
131
141
58
20
78
97
22
181
106
132
124
43
52
92
119
173
162
167
184
115
198
149
192
54
108
12
18
196
61
55
6
89
30
190
121
53
59
15
128
62
72
189
186
96
166
142
2
172
84
63
153
87
134
152
175
68
111
47
199
101
103
176
130
104
177
35
136
159
107
174
31
21
113
40
112
13
194
8
109
3
33
116
25
71
180
19
74
148
160
70
66
4
14
126
164
145
76
73
77
102
146
143
82
135
38
133
94
187
50
129
125
69
191
86
185
163
178
49
81
91
51
42
161
188
11
79
138
118
195
85
105
156
45
182
123
17
36
170
80
57
39
169
