47
81
164
161
170
93
33
88
162
53
82
176
80
50
2
12
77
6
130
26
197
147
138
142
35
51
49
132
69
45
125
115
68
78
117
39
163
90
109
184
22
13
43
146
198
107
119
24
189
187
128
17
153
166
180
157
99
37
123
156
127
16
120
122
60
21
62
160
139
169
104
199
111
63
137
73
195
133
172
67
4
177
44
59
61
66
113
86
129
144
116
97
101
32
46
191
41
131
149
65
92
98
155
64
182
11
106
165
179
1
89
23
190
121
185
159
152
34
145
118
38
100
76
95
42
171
72
31
103
186
70
183
193
85
83
114
54
57
48
181
188
8
10
14
52
168
143
124
192
20
173
18
112
15
