91
73
171
1
130
10
96
173
15
26
140
100
127
111
29
166
35
110
152
162
183
38
99
113
153
165
147
189
150
18
105
178
145
112
36
109
65
30
176
107
72
11
4
56
158
32
66
102
46
134
128
132
5
108
76
124
44
154
181
101
163
192
14
70
17
49
148
21
48
13
157
122
117
27
170
155
116
126
188
95
42
185
137
114
89
12
119
47
60
142
54
39
161
135
125
136
198
146
196
53
123
172
75
180
93
16
62
3
88
98
104
129
120
71
28
51
55
0
193
195
31
79
94
9
37
82
138
58
34
84
87
23
22
78
199
143
103
90
115
194
52
164
118
20
131
83
2
67
186
69
141
81
174
179
41
133
45
6
175
182
25
40
187
8
106
139
19
191
7
156
68
190
97
167
159
50
57
151
43
24
61
86
63
177
85
197
74
77
64
