107
4
198
15
151
124
33
3
5
161
20
95
13
114
109
25
111
163
105
148
78
6
135
77
189
94
149
97
85
185
171
37
60
42
120
154
155
118
8
54
47
182
39
137
81
129
14
38
126
195
17
167
144
59
130
152
9
117
179
176
160
51
183
11
158
188
181
50
191
169
165
32
28
136
140
71
116
128
139
79
92
91
193
76
43
34
70
19
27
29
10
115
177
106
173
26
2
46
100
64
192
133
186
172
73
63
96
178
150
62
53
90
119
74
123
55
127
69
112
83
58
75
31
52
1
157
98
66
35
87
30
131
102
80
84
168
159
184
180
65
110
175
68
16
138
122
190
22
196
164
108
57
18
199
72
101
134
194
113
99
41
86
21
104
145
141
132
82
56
103
49
7
125
121
142
61
156
147
89
166
12
24
44
48
