99
74
26
172
75
59
67
27
64
145
186
57
77
122
36
61
11
164
38
160
12
52
165
62
25
131
187
46
66
124
150
58
95
162
123
105
179
0
126
108
72
94
113
138
184
5
194
137
110
104
84
143
121
142
183
68
41
76
170
83
35
78
91
47
10
93
81
63
114
107
118
127
9
42
154
33
181
73
31
185
151
198
129
85
28
134
30
49
109
37
171
6
180
92
152
141
18
197
140
119
120
17
13
166
60
177
44
144
21
188
149
86
175
98
48
32
3
159
16
88
115
53
54
69
24
97
96
34
8
157
29
22
182
195
148
155
1
89
161
15
45
174
82
176
106
135
130
80
163
158
136
190
79
146
132
65
156
189
103
55
139
51
125
56
153
2
14
196
70
199
19
112
43
191
23
20
4
87
192
