92
47
60
182
114
150
89
14
95
59
132
198
0
157
158
76
69
129
87
171
142
139
83
27
7
30
134
42
155
55
102
100
73
149
178
21
161
151
141
123
98
50
29
54
156
119
94
193
43
90
2
9
113
20
13
144
64
31
46
106
177
153
34
101
192
25
93
194
45
135
52
137
166
39
75
22
62
5
184
78
189
118
133
130
196
26
185
183
81
124
199
138
197
162
172
67
4
145
44
105
147
191
19
120
159
107
56
68
187
125
115
48
128
165
65
110
51
195
116
8
35
99
88
190
40
86
12
77
176
57
170
17
32
175
108
103
18
122
181
140
61
152
1
112
70
82
188
127
168
49
6
91
66
186
126
131
173
63
38
174
148
121
24
36
10
163
111
71
84
28
167
160
164
33
41
15
79
72
74
146
