178
41
145
146
83
107
182
133
152
79
65
181
4
113
33
35
84
46
194
189
16
137
180
25
15
85
44
95
148
59
64
143
11
73
116
164
99
53
18
10
166
184
43
76
38
5
1
49
105
22
47
29
0
78
24
172
21
6
187
114
156
51
12
183
63
155
158
69
171
34
61
110
82
176
102
50
37
32
106
92
88
90
67
177
62
86
58
157
130
136
165
27
70
135
89
119
9
91
118
40
45
134
31
112
144
138
13
23
39
28
19
117
68
186
17
132
42
126
150
198
197
14
191
163
162
20
3
192
56
151
72
127
115
123
169
122
30
128
75
199
100
124
96
125
139
55
48
190
94
57
93
101
71
153
196
2
60
108
52
147
81
154
80
188
179
142
167
129
74
149
174
121
66
104
161
193
54
185
170
36
140
