89
59
165
112
109
177
73
27
135
35
150
51
60
163
12
49
183
90
21
133
70
29
173
32
28
110
130
7
192
105
182
162
34
58
13
96
31
152
191
118
120
39
168
157
131
0
103
122
69
116
164
174
151
78
18
106
61
80
107
121
175
98
140
197
94
101
24
147
26
52
193
154
108
99
75
8
129
57
91
82
184
125
143
97
72
87
83
22
142
114
126
156
14
195
30
71
64
41
16
124
132
45
76
146
159
42
170
20
111
144
194
123
44
92
136
166
43
102
48
113
84
2
155
10
187
199
139
149
33
85
68
46
62
17
153
79
38
4
77
161
158
190
56
117
176
185
93
74
137
81
181
6
169
198
95
145
88
66
189
119
134
3
36
141
25
188
47
178
9
67
100
104
186
115
54
40
179
65
5
167
138
11
127
171
15
63
160
196
128
37
180
148
172
19
55
23
53
