157
41
153
177
104
56
57
18
194
8
122
12
25
67
146
4
149
135
192
140
105
165
10
119
174
21
170
39
1
173
161
106
113
37
96
3
134
43
189
176
2
188
93
59
111
155
103
78
94
77
164
152
138
15
26
95
97
29
48
166
32
58
117
142
132
62
99
49
191
150
129
109
68
51
100
31
73
180
108
35
196
128
80
114
7
23
118
159
5
89
47
169
199
83
65
131
82
61
175
143
34
168
74
172
136
193
87
81
11
69
107
158
54
187
90
102
13
45
182
163
19
72
24
55
85
171
9
183
120
42
124
145
190
46
167
0
88
84
44
115
130
156
22
139
16
137
133
184
148
40
112
110
53
151
27
60
38
70
92
144
154
181
123
141
6
20
66
