103
40
34
56
61
102
128
12
168
162
192
101
143
52
59
130
196
3
51
87
79
150
1
76
134
24
63
116
197
54
37
96
118
44
92
194
151
139
7
21
108
73
145
113
72
81
26
149
109
30
97
117
171
70
184
112
57
62
105
199
115
153
148
32
93
163
89
42
195
170
35
2
141
175
177
183
178
104
86
185
53
121
169
173
14
132
135
156
147
39
71
179
77
114
131
16
28
45
123
125
174
190
126
144
180
154
136
13
9
20
137
83
94
10
188
159
58
67
106
172
181
158
111
119
120
65
166
50
27
23
140
33
60
107
98
48
129
198
124
47
25
4
90
193
19
64
127
157
55
8
187
78
142
36
85
75
84
146
68
41
110
0
49
74
165
5
164
122
