187
190
73
114
68
119
102
117
61
101
176
95
179
199
159
194
106
59
30
64
89
41
132
0
166
116
52
162
78
58
62
185
27
103
26
183
191
175
171
182
180
16
22
133
125
18
23
168
37
74
75
91
170
105
158
42
193
177
88
131
90
126
70
107
138
63
87
53
109
45
124
163
186
134
33
35
128
2
169
46
11
97
9
24
3
118
13
28
50
48
4
84
43
143
83
140
12
155
1
92
82
139
17
145
165
44
181
167
142
123
147
104
85
76
65
144
67
129
115
172
121
56
71
161
51
36
25
80
96
137
149
130
157
5
72
60
40
110
21
49
192
111
34
148
189
69
178
57
86
197
6
195
188
20
19
164
108
93
98
151
99
154
77
146
198
8
32
29
122
113
184
66
38
31
150
100
127
14
79
10
7
141
55
47
135
94
173
174
152
15
