71
9
30
193
81
65
86
184
82
185
187
178
182
129
84
128
164
64
189
124
118
136
198
8
175
89
101
105
44
156
180
15
103
67
83
87
130
7
173
192
174
196
61
90
113
100
177
199
69
119
62
135
75
149
73
41
72
121
4
150
97
144
102
151
107
153
99
162
68
88
157
56
138
161
159
186
37
18
191
163
78
122
31
140
5
167
39
98
154
172
36
142
48
137
76
14
131
125
25
24
158
109
104
169
134
38
42
43
23
197
110
29
58
3
141
52
92
63
27
40
112
47
13
93
50
114
1
106
2
188
96
160
80
10
126
26
79
123
168
147
183
20
127
120
