52
41
50
76
181
121
88
147
142
129
123
159
153
22
93
25
168
107
30
155
185
7
194
69
67
98
110
134
137
46
102
198
4
105
132
81
171
117
183
195
19
103
8
70
128
120
124
114
197
72
141
178
143
172
104
74
28
177
87
111
60
157
156
12
54
92
16
165
95
77
116
89
148
133
186
17
109
0
108
130
66
85
152
71
80
191
86
62
15
180
119
48
146
189
31
18
9
131
164
99
106
112
173
94
145
3
44
58
179
51
190
101
170
151
33
166
13
115
23
187
188
24
199
21
39
150
57
122
35
139
196
45
61
59
126
20
36
40
73
136
135
34
82
113
75
90
5
182
49
42
26
161
118
10
14
47
162
160
1
37
79
55
83
174
158
154
97
184
167
149
38
29
96
64
43
78
84
91
68
169
125
2
32
11
127
163
6
138
27
53
140
175
176
100
193
