159
50
30
72
143
174
105
165
95
123
149
62
191
18
7
110
132
35
140
195
136
124
12
115
2
106
32
180
58
51
170
111
84
43
108
8
13
144
31
161
61
162
169
193
113
49
141
151
148
55
6
11
173
68
130
184
156
25
164
85
9
63
57
79
100
0
38
96
119
71
166
98
153
75
37
188
197
117
66
99
83
74
39
92
103
126
80
172
53
46
65
101
36
45
87
147
125
135
34
138
52
29
186
54
198
112
28
76
131
42
17
146
33
19
122
70
129
167
190
155
163
137
178
160
23
176
102
44
182
91
82
139
179
89
81
78
27
133
199
196
158
168
104
22
187
93
14
77
60
185
145
114
134
177
69
86
157
5
