141
70
27
17
22
102
34
161
147
77
36
51
157
129
91
199
162
4
72
139
143
106
197
184
84
189
23
92
150
153
8
125
43
138
61
59
104
168
167
183
105
28
127
25
83
131
69
187
142
39
190
100
76
137
115
42
78
117
50
9
62
80
86
65
188
32
94
67
48
2
37
151
111
49
63
101
182
158
33
93
194
85
181
113
140
159
20
26
144
79
88
191
120
109
35
160
44
18
74
171
135
71
110
174
98
108
7
195
134
90
164
6
68
128
87
149
107
185
118
10
136
123
176
95
45
99
103
96
60
11
52
145
75
126
30
31
89
172
130
146
170
163
155
152
0
166
1
165
156
173
193
21
124
53
122
112
14
55
73
114
119
178
133
24
29
186
180
179
56
12
54
82
177
3
121
16
81
196
47
97
13
64
19
192
154
132
5
175
58
38
46
116
57
169
15
40
198
66
148
41
