193
55
177
44
20
153
183
123
195
24
126
59
16
173
84
149
57
140
136
188
113
147
67
197
58
137
74
181
157
135
124
72
146
88
168
36
115
110
120
90
155
158
54
166
49
71
196
189
9
21
184
108
37
141
134
79
22
12
42
185
97
6
66
46
151
52
85
5
194
29
4
101
89
174
111
156
56
144
132
117
38
159
40
69
127
19
178
77
119
87
30
34
70
64
152
186
129
47
68
161
170
0
162
76
160
78
182
83
164
51
109
27
192
150
138
81
143
41
171
175
50
53
8
62
125
102
31
93
191
148
96
61
35
106
82
43
39
14
60
23
10
26
73
199
33
179
121
95
112
130
17
63
7
167
103
