162
199
115
52
30
145
6
36
57
54
196
170
171
9
2
190
183
178
48
46
83
68
166
168
143
49
103
82
98
67
123
5
163
155
176
89
32
164
100
195
93
56
120
17
180
13
109
177
66
63
19
182
160
51
135
84
1
159
167
74
42
39
127
132
44
148
129
151
50
12
113
26
24
101
81
140
40
78
33
146
15
156
91
64
79
130
96
184
110
28
119
118
37
153
7
121
69
77
128
87
102
34
22
85
47
106
175
38
92
3
16
31
141
65
157
95
61
27
191
125
161
131
18
107
152
188
53
198
137
112
114
90
97
133
23
99
189
144
72
94
4
192
194
10
73
35
117
41
21
181
59
8
173
43
60
197
138
134
80
139
76
124
0
150
122
193
55
75
165
185
186
111
86
62
45
88
149
104
14
126
70
158
