172
155
165
28
36
199
94
35
71
154
14
168
32
120
158
187
9
33
68
107
19
183
69
51
191
77
193
25
72
162
39
60
1
163
27
59
127
50
174
113
53
132
91
176
106
173
186
11
144
114
73
43
46
3
88
104
85
38
98
22
93
92
74
180
142
185
76
42
122
150
153
143
87
149
62
175
37
160
0
195
141
184
171
100
34
189
136
140
101
12
65
79
29
169
16
82
55
137
10
48
4
112
130
129
121
61
63
139
52
64
75
115
89
134
20
81
56
166
167
78
131
146
6
99
196
54
182
188
152
118
178
117
17
58
179
111
21
157
24
80
47
40
192
102
145
66
151
190
109
198
31
13
2
44
138
161
30
90
177
96
