46
72
174
23
29
108
184
75
144
127
14
169
194
112
10
153
139
35
149
130
131
142
33
156
166
98
47
24
192
77
102
78
73
83
67
5
167
159
1
110
11
196
126
65
36
125
198
115
157
74
85
133
122
195
185
141
50
181
164
148
44
119
12
60
51
162
38
132
41
15
3
106
150
64
134
186
129
94
16
66
155
140
87
146
113
158
104
26
123
34
189
37
95
165
80
32
111
22
177
93
89
171
188
76
124
43
136
58
154
191
69
55
135
114
79
182
17
48
6
116
20
82
56
137
63
86
27
99
143
39
97
100
62
70
88
28
193
18
173
145
57
163
121
128
42
13
2
4
45
30
31
175
199
190
109
54
