136
134
195
38
152
196
23
197
34
102
111
166
80
199
96
55
6
78
42
8
121
69
22
39
1
7
19
45
116
33
145
25
47
159
171
37
142
28
0
160
74
71
151
103
83
124
35
180
13
185
31
188
194
67
131
179
94
126
105
89
106
2
167
130
43
4
17
60
128
125
161
27
24
107
189
63
140
120
182
5
118
123
48
191
168
72
150
110
91
178
95
192
129
40
88
155
64
127
101
109
21
50
77
98
148
186
170
169
149
75
163
146
112
58
165
181
44
143
113
16
70
41
3
173
190
147
66
157
57
68
73
9
46
93
20
87
144
15
138
32
156
84
164
117
187
183
82
193
29
12
115
174
184
54
153
85
139
141
76
108
56
18
176
65
158
52
133
135
14
11
49
92
