132
164
61
29
100
101
133
136
92
86
51
47
140
103
40
34
78
66
173
94
1
42
127
38
90
99
169
110
193
145
58
87
60
181
141
186
191
88
159
93
23
162
59
27
10
144
149
118
35
105
77
128
22
64
83
167
129
160
120
72
95
138
14
130
112
8
179
185
123
41
33
30
37
91
19
46
56
102
176
24
18
126
139
25
3
166
111
13
21
20
70
109
197
97
0
135
180
183
172
17
165
4
75
43
71
153
125
2
96
62
158
79
6
161
84
150
107
81
7
195
117
48
32
192
53
57
189
134
178
55
67
74
199
45
156
163
76
52
174
113
63
148
15
9
73
65
124
89
188
194
168
152
104
121
182
196
26
108
137
80
31
116
131
157
69
170
12
115
114
49
154
187
151
177
106
85
147
142
198
39
82
16
155
11
28
171
