12
35
109
0
29
11
139
2
85
134
43
126
195
145
15
3
70
161
13
132
169
188
65
6
150
192
147
67
71
191
90
125
131
151
54
117
198
24
1
197
32
122
178
10
133
44
17
100
96
102
63
92
38
27
16
42
156
30
193
31
164
73
105
190
80
136
173
19
112
121
116
51
98
118
74
182
138
49
33
56
104
8
157
171
177
123
5
45
162
46
142
175
78
7
61
79
91
87
58
77
97
146
187
165
137
114
127
89
103
26
113
194
88
176
180
163
186
153
119
106
124
128
110
86
185
52
172
57
154
94
47
60
23
148
66
179
22
130
95
181
62
18
55
174
183
140
199
59
28
101
149
4
53
184
155
189
167
69
159
143
14
50
82
68
41
111
144
160
39
