169
132
13
161
70
3
15
145
195
126
43
139
11
49
33
160
144
56
68
82
111
12
39
29
0
109
35
37
41
143
159
69
167
189
155
184
53
4
149
101
28
59
199
140
183
174
55
18
62
181
95
130
22
179
66
148
23
60
47
94
154
57
172
52
185
86
110
128
124
106
119
129
163
137
114
194
88
176
180
26
103
89
127
165
186
153
81
14
50
77
58
91
79
61
7
78
175
142
46
162
45
5
123
177
21
87
8
104
171
157
138
182
74
118
98
116
121
112
19
173
136
80
190
105
73
164
31
193
30
156
42
16
27
38
92
63
102
96
100
17
44
133
10
178
122
32
197
1
24
198
117
54
151
131
125
90
191
71
67
120
51
2
85
192
150
188
65
