58
87
91
79
61
7
78
175
142
46
162
45
5
123
177
25
182
74
118
98
51
116
121
112
19
173
136
80
190
105
73
164
31
193
30
156
42
16
27
38
92
63
102
96
100
17
44
133
10
178
122
32
197
1
24
198
117
54
151
131
125
90
191
71
67
147
192
150
6
65
188
169
132
13
161
70
3
15
145
195
126
43
134
85
2
139
11
49
160
33
138
171
157
8
104
56
144
12
39
29
0
109
35
37
41
68
82
50
14
81
106
124
128
110
86
185
52
172
57
154
94
47
60
23
148
66
179
22
130
95
181
62
18
55
174
183
140
199
59
28
101
149
4
53
184
155
189
167
69
143
159
119
153
186
163
137
114
194
88
176
180
26
103
89
127
165
187
146
97
77
