3
70
161
65
150
192
147
115
178
10
133
44
17
100
63
102
32
122
71
67
120
191
90
125
131
151
54
117
198
24
1
197
38
27
16
42
156
30
193
31
164
73
105
136
190
80
46
162
175
78
142
45
5
7
177
123
171
87
61
79
91
58
77
50
14
81
153
186
165
137
114
127
89
103
26
113
194
88
176
180
163
129
119
106
124
128
110
86
185
52
172
57
154
94
47
60
23
148
66
179
22
130
95
181
62
18
55
174
183
140
199
59
28
101
149
4
53
184
155
189
167
69
159
143
41
37
35
109
0
29
39
12
111
82
68
8
104
56
144
160
33
49
11
138
182
25
158
19
112
121
116
51
98
118
74
85
2
134
6
188
169
132
13
126
195
145
15
