69
167
189
184
155
84
3
70
161
65
150
192
6
188
169
132
126
13
15
145
43
134
85
2
139
11
182
138
49
33
56
104
8
157
171
177
123
5
45
136
73
19
112
121
116
98
51
120
67
71
125
191
90
178
10
133
44
17
100
63
102
32
135
131
151
198
24
1
197
38
27
16
42
156
30
117
54
31
193
105
190
80
162
46
142
175
78
7
61
79
91
87
58
77
97
146
187
165
137
114
127
89
103
26
113
194
88
176
180
163
186
153
119
106
124
128
110
86
185
52
172
57
154
94
47
60
23
148
66
179
22
130
95
181
62
18
55
174
183
140
199
59
28
101
149
4
53
152
170
34
159
143
14
50
82
68
41
111
144
160
39
29
12
0
109
35
