19
25
182
138
2
85
192
150
6
188
65
169
132
13
161
70
3
15
145
195
126
43
139
11
49
33
160
144
56
104
8
68
82
111
12
39
29
0
109
35
37
41
143
159
69
167
189
155
184
53
4
149
101
28
59
199
140
183
174
55
18
62
181
95
130
22
179
66
148
23
60
47
94
154
57
172
52
185
86
110
128
124
106
119
129
163
137
114
194
88
176
180
26
103
89
127
165
186
153
81
14
50
77
58
91
79
61
87
171
123
177
7
5
45
142
78
175
46
162
80
190
136
105
73
164
31
193
30
156
42
16
27
38
92
63
102
96
100
17
44
133
10
178
122
32
197
1
24
198
117
54
151
121
131
125
90
191
71
67
120
51
98
116
112
