194
113
26
103
89
127
114
137
165
163
186
153
119
159
143
41
37
35
0
12
39
160
144
111
68
82
50
14
81
77
58
87
91
79
61
7
78
175
142
46
162
45
5
123
177
171
157
8
104
56
33
49
138
182
74
118
98
51
116
121
112
19
173
136
80
190
105
73
164
31
193
30
156
42
16
27
38
92
63
102
96
100
17
44
133
10
178
122
32
197
1
24
198
117
54
151
131
125
90
191
71
67
147
192
150
6
65
188
169
132
13
161
70
3
15
145
195
126
43
134
85
2
139
11
29
109
69
189
167
155
184
53
152
170
34
55
18
62
181
95
130
22
179
66
148
9
199
140
4
149
101
28
59
20
23
60
47
94
154
57
172
52
185
86
110
128
124
64
176
180
88
