76
75
137
127
89
165
187
146
97
77
58
82
87
91
79
61
7
78
175
142
46
162
45
5
123
177
25
182
74
118
98
51
116
121
112
19
173
136
80
190
105
73
164
31
193
30
156
42
16
27
38
92
63
102
96
100
17
44
133
10
178
122
32
197
1
24
198
117
54
151
131
125
90
191
71
67
147
192
150
6
65
188
169
132
13
161
70
3
15
145
195
126
43
134
85
2
139
11
49
160
33
138
171
157
8
104
56
144
68
111
12
39
29
0
109
35
37
41
14
81
153
186
119
159
143
129
163
103
26
180
176
88
194
166
86
110
128
124
62
18
55
34
69
167
189
155
184
53
174
140
4
149
101
28
59
20
23
60
47
154
94
66
148
199
9
95
130
22
179
172
57
48
