184
167
69
35
109
0
12
29
39
160
144
111
41
68
82
50
14
81
106
124
128
110
86
185
52
172
57
154
94
47
60
23
148
66
179
22
130
95
181
62
18
55
174
183
140
199
59
28
101
149
4
53
152
170
34
143
159
119
153
186
163
137
114
194
88
176
180
26
103
89
127
165
187
146
97
77
58
87
91
79
61
7
78
175
142
46
162
80
190
105
193
31
54
117
30
156
42
16
27
38
197
1
24
198
151
131
135
32
102
63
100
17
44
133
10
178
90
191
125
71
67
120
51
98
116
121
112
19
73
136
45
5
123
177
171
157
8
104
56
33
49
138
182
11
139
2
85
134
43
145
15
13
126
132
169
188
6
192
150
65
161
70
3
189
155
