30
151
80
17
124
119
31
118
90
22
146
107
155
170
179
96
51
109
123
178
99
98
171
37
181
162
16
49
148
34
100
48
26
103
165
115
12
186
168
56
4
175
77
97
138
177
137
92
196
113
163
144
9
27
89
161
95
142
28
198
152
57
126
190
111
38
20
23
143
15
184
78
101
52
114
112
120
147
104
139
14
185
159
59
174
82
21
74
5
157
69
131
180
158
192
11
72
71
45
127
58
129
164
110
136
42
43
189
53
160
116
88
75
19
121
63
128
122
132
105
187
87
149
10
83
25
167
193
194
84
40
67
140
188
156
32
60
176
65
76
106
182
153
55
134
195
2
166
102
44
29
94
46
125
130
6
183
108
39
24
197
172
150
191
36
0
145
41
199
18
66
141
68
33
61
81
85
50
64
73
93
133
79
