132
35
174
45
48
106
127
189
99
65
147
155
137
93
11
191
145
40
197
30
175
119
78
22
29
171
90
81
34
62
37
72
2
33
133
144
183
188
92
190
173
54
184
55
61
39
130
115
50
129
74
52
118
23
116
170
71
186
102
162
15
117
38
193
146
154
51
18
6
36
43
16
161
149
103
77
75
27
168
141
56
176
114
122
9
150
82
134
86
88
32
166
187
167
17
112
178
96
60
57
100
69
194
180
151
107
105
21
47
126
5
123
68
8
4
156
108
177
3
125
46
198
196
79
163
159
13
121
120
20
26
172
10
12
19
49
185
138
164
63
124
139
131
104
169
195
70
80
192
91
110
199
158
179
135
14
153
160
31
98
181
113
94
0
101
53
84
