177
36
99
134
46
94
5
11
121
60
29
23
133
44
22
88
165
34
63
78
75
32
107
152
170
62
102
197
199
184
43
81
122
17
49
14
97
126
140
77
33
180
158
24
68
153
101
178
100
72
189
113
26
52
82
55
160
110
125
61
167
146
155
129
142
53
13
137
192
7
161
149
10
31
80
111
128
106
92
8
117
182
150
124
95
181
116
56
12
91
0
50
147
90
127
151
30
19
139
74
42
185
173
143
118
186
86
41
21
154
79
196
73
15
179
85
2
67
132
159
83
6
65
131
89
98
175
9
103
59
45
48
71
169
104
174
191
66
187
138
145
96
123
163
190
3
193
25
51
114
105
148
40
115
168
109
39
54
58
84
120
4
162
37
1
57
87
38
69
164
130
166
28
27
108
16
47
119
