190
52
124
108
37
74
176
0
10
112
196
59
77
48
36
91
195
97
199
116
70
32
169
144
68
161
123
115
30
143
49
7
166
78
75
179
42
157
155
198
103
3
1
126
47
27
57
14
34
109
105
187
120
66
119
25
114
168
56
28
24
102
50
61
22
142
80
162
104
17
140
158
85
41
194
82
2
185
139
178
38
149
79
164
62
16
35
96
88
19
145
173
170
138
189
167
8
63
180
45
71
122
87
181
39
58
133
134
163
113
171
26
106
182
193
136
20
65
11
95
67
153
81
18
89
150
76
23
44
94
175
93
137
135
127
83
72
192
101
146
160
86
73
165
4
31
84
99
117
33
107
