44
14
122
184
147
109
195
92
100
142
179
46
57
4
30
65
6
19
70
98
167
154
61
135
64
105
91
85
143
32
187
123
8
93
191
166
192
160
75
3
112
148
140
63
77
168
96
22
73
11
124
99
186
69
10
53
106
138
114
67
178
183
185
29
52
159
34
173
56
26
171
197
25
50
163
141
48
104
180
74
150
165
38
181
199
189
158
129
157
54
37
68
17
193
47
145
49
155
36
72
18
153
9
113
88
82
190
83
156
95
134
86
28
177
172
120
119
2
107
59
20
125
13
58
139
90
0
116
78
161
164
62
24
97
152
87
175
176
188
15
94
115
149
35
81
133
71
182
79
33
102
12
103
27
126
16
146
132
128
55
45
80
66
110
169
144
137
40
42
89
170
41
131
151
21
111
121
118
194
31
136
117
198
7
60
101
51
84
5
127
162
130
39
76
43
196
108
174
1
23
