169
46
106
41
77
121
142
136
137
182
23
40
147
138
89
18
124
7
51
95
73
1
10
109
87
33
99
66
198
22
115
189
93
105
8
166
4
145
96
92
47
17
39
143
195
197
100
194
31
104
65
114
24
25
157
176
134
156
151
165
81
185
131
32
125
83
29
9
67
122
19
76
50
53
78
149
161
75
0
163
140
175
20
130
80
49
14
71
196
54
170
111
60
36
188
90
153
184
107
21
2
144
48
52
190
191
118
64
180
12
178
133
5
68
141
56
62
94
192
88
74
126
97
193
164
85
91
120
27
150
38
98
34
103
128
183
146
37
160
129
181
108
101
30
72
43
102
61
35
110
171
167
187
148
116
