110
123
32
197
53
63
30
198
82
17
64
70
189
92
120
172
178
47
166
133
25
126
179
13
54
81
134
119
21
165
100
69
65
131
137
169
19
11
148
127
79
150
61
145
162
125
176
186
44
151
4
77
43
9
29
128
175
115
45
95
153
68
48
117
80
66
109
36
113
103
59
41
12
49
114
143
180
88
106
83
75
107
136
33
71
76
173
138
124
46
116
104
20
38
84
163
28
89
141
168
96
199
0
67
147
22
182
93
91
42
183
187
10
111
191
181
50
55
40
18
164
130
73
152
171
62
3
58
161
192
51
5
167
196
16
90
23
174
1
99
112
140
8
195
37
34
85
98
24
149
188
170
118
132
39
144
184
146
27
74
94
57
108
97
56
121
190
7
6
193
101
14
160
139
52
142
194
72
102
105
185
159
156
87
