4
104
40
127
143
106
174
166
129
114
189
142
122
49
74
141
159
28
100
54
194
181
72
137
151
198
175
76
71
121
136
15
180
156
115
144
195
38
43
196
66
92
10
1
7
95
69
197
153
52
65
107
149
124
35
44
138
176
85
37
30
103
27
154
134
59
191
93
162
105
17
139
20
98
171
2
178
60
83
113
9
157
97
3
183
87
46
78
160
132
172
152
63
88
182
131
51
173
161
158
64
23
199
116
21
91
128
12
67
36
32
77
33
192
170
11
193
53
8
146
155
185
111
13
188
41
99
150
86
5
165
130
48
125
90
56
57
75
120
135
79
61
133
109
0
70
82
16
73
42
18
14
145
190
55
117
112
184
147
45
167
94
89
177
96
39
148
50
81
119
84
