41
62
186
93
56
104
113
2
175
49
45
132
149
145
101
198
92
190
90
116
123
5
192
4
80
0
51
77
162
130
189
87
61
103
84
88
57
143
36
118
42
30
46
163
117
3
19
137
127
120
121
85
187
83
96
184
89
81
193
78
159
119
44
65
114
167
86
125
32
27
38
50
109
183
54
106
29
37
181
99
9
140
97
13
150
22
155
151
7
129
138
40
134
177
153
131
166
48
168
107
136
170
115
152
25
67
147
197
171
174
15
196
146
164
55
169
11
23
58
199
111
126
160
148
133
76
70
188
6
72
43
95
94
24
52
105
135
142
35
47
1
194
178
26
14
176
180
53
98
69
161
91
165
8
18
73
64
75
66
122
191
182
79
108
21
12
28
16
112
10
158
74
128
31
100
102
185
124
156
