37
126
199
151
92
7
94
169
117
18
76
22
160
165
167
44
26
185
40
148
46
173
123
154
157
95
19
51
50
78
134
190
8
125
146
178
143
188
71
196
152
77
155
135
128
49
23
31
0
156
73
15
114
17
192
4
72
119
53
118
175
106
91
153
82
129
149
81
172
5
89
67
3
176
115
84
140
191
184
164
147
183
28
16
136
179
120
34
197
11
65
27
62
121
14
187
113
42
80
96
83
85
159
161
177
111
58
30
12
158
100
131
174
9
127
130
29
6
171
38
182
102
64
170
55
163
13
45
108
145
21
54
99
52
25
10
75
162
180
70
110
57
116
32
68
198
86
59
1
48
20
43
132
104
101
139
107
105
103
137
138
88
66
