137
39
8
178
129
116
28
109
38
80
122
53
195
198
182
167
33
108
173
12
76
199
42
70
181
89
197
101
169
194
43
94
44
78
9
61
69
73
60
193
128
51
150
20
106
160
5
119
3
111
141
112
177
77
143
139
148
97
14
59
153
22
190
19
171
161
155
123
96
30
187
34
189
54
152
102
16
158
130
21
124
41
2
10
45
126
11
87
164
100
138
46
93
71
24
72
140
64
107
188
92
163
57
75
196
132
88
117
110
170
121
191
183
40
66
192
81
29
26
135
145
13
85
27
49
144
104
84
159
168
0
165
56
90
17
125
162
32
4
166
37
174
35
175
23
25
74
118
98
113
142
79
48
103
91
134
133
65
105
7
15
18
151
157
115
6
154
136
184
185
147
36
120
172
156
31
86
62
1
176
83
127
131
180
82
47
52
99
114
50
67
95
146
186
58
