104
127
126
18
82
156
9
73
49
120
187
107
175
184
128
125
80
22
15
27
42
160
99
168
2
197
81
1
66
171
186
102
179
191
39
122
19
135
123
118
87
29
139
194
174
31
133
97
33
163
75
5
69
13
109
148
121
67
58
157
198
112
162
166
164
108
70
89
141
114
170
90
76
28
173
124
169
64
161
43
195
111
116
38
182
16
189
130
151
51
96
158
196
44
68
74
117
113
181
56
106
7
142
119
60
115
72
190
71
50
3
62
47
136
0
134
12
78
138
145
17
52
146
40
176
155
25
20
11
45
192
185
110
65
98
165
88
34
14
84
79
167
30
24
26
183
91
86
61
150
6
54
41
83
8
154
92
199
180
35
131
53
21
63
105
59
4
193
32
95
48
149
177
140
77
147
