129
1
24
28
151
82
170
138
194
156
14
88
13
148
62
75
168
67
111
106
114
4
195
175
64
185
133
51
112
130
70
140
8
44
116
134
166
79
169
102
160
162
65
105
98
72
174
118
89
31
29
85
60
157
144
58
147
137
90
104
96
38
189
92
108
125
41
196
150
5
86
18
122
68
146
34
87
10
145
50
56
54
139
190
180
59
66
37
36
135
39
127
110
26
94
123
25
187
158
46
40
0
197
191
61
182
16
76
171
63
152
124
172
49
7
181
155
9
84
132
184
78
35
161
57
103
71
19
69
143
136
126
107
186
154
91
119
164
153
53
131
167
176
20
109
159
173
163
177
149
81
99
45
47
42
6
128
178
93
21
199
15
52
23
97
80
183
95
179
117
198
22
2
48
55
33
74
142
101
188
73
12
11
100
165
77
83
121
30
192
27
193
113
43
17
