152
112
157
9
65
151
4
160
39
73
126
75
146
108
124
38
123
61
115
197
111
13
121
17
105
92
43
104
18
176
125
80
97
192
174
148
100
117
45
2
83
186
164
23
159
177
25
165
35
79
26
185
167
16
41
187
133
136
29
12
188
161
49
168
127
147
31
22
156
96
8
107
64
30
94
189
183
87
166
86
178
21
27
154
58
53
19
91
54
98
70
51
84
170
76
179
149
139
109
119
145
163
55
89
110
182
180
63
69
113
103
24
142
78
173
14
193
184
52
28
3
137
116
32
33
95
44
196
144
7
57
198
158
135
60
34
0
36
48
20
40
140
122
85
132
42
1
129
191
141
68
114
175
118
59
90
62
88
6
128
106
10
101
99
11
37
66
181
195
130
81
50
102
134
5
46
172
67
143
