158
171
114
46
163
57
58
184
17
165
62
90
64
81
6
199
69
191
149
129
160
38
40
196
108
180
59
150
126
164
20
188
86
119
15
14
87
72
137
45
117
182
52
91
159
22
80
2
85
3
169
167
79
176
76
29
131
73
140
71
39
94
106
127
134
138
10
84
116
110
37
128
30
98
61
173
7
97
107
174
142
55
103
18
100
24
155
50
41
125
75
49
141
124
21
154
47
139
187
43
4
121
181
16
11
123
161
82
35
36
99
186
33
77
83
166
28
88
67
70
151
1
177
26
118
42
178
89
56
34
60
113
153
162
185
175
105
31
93
68
104
122
193
74
198
102
183
0
95
78
156
145
32
66
63
109
12
51
194
190
144
101
48
54
115
133
192
96
44
197
135
25
8
172
92
65
23
195
111
130
5
136
