189
159
142
134
128
76
26
106
82
38
67
0
94
44
23
141
155
56
151
163
186
34
153
48
21
93
72
1
20
3
127
62
37
58
107
81
18
199
175
91
157
46
9
124
179
167
14
190
75
33
197
84
152
13
132
96
17
49
50
196
63
68
121
36
129
87
170
57
166
61
181
69
173
101
140
193
117
15
161
150
86
187
65
6
110
172
191
123
194
160
133
144
45
74
158
104
29
85
120
54
80
19
98
27
154
116
146
198
137
192
135
188
55
148
177
31
51
40
162
28
147
4
89
156
180
47
16
10
8
174
77
149
2
25
136
195
176
97
115
139
11
71
66
5
70
125
122
60
105
24
119
113
168
126
100
118
41
53
145
171
39
22
92
88
164
109
183
111
165
169
112
95
99
182
52
114
90
178
138
78
73
131
130
59
12
