167
181
23
42
16
169
119
177
32
40
88
165
29
193
3
104
159
111
48
138
47
171
157
52
173
25
195
170
15
172
158
133
17
57
175
67
75
108
185
96
117
10
70
145
38
162
85
166
118
61
28
123
36
60
5
130
135
87
8
106
63
114
9
76
192
50
98
1
97
149
18
59
37
7
121
120
180
31
35
186
27
153
141
94
68
143
53
84
183
168
56
39
74
156
65
128
64
146
140
184
44
95
131
134
91
83
164
182
12
126
148
107
151
101
139
142
20
45
0
6
21
99
132
49
93
4
80
11
81
89
33
150
154
79
113
100
163
34
196
105
102
14
174
82
2
62
73
189
127
72
161
199
194
51
77
187
136
78
24
112
124
179
122
110
137
13
152
115
147
86
109
160
