161
8
99
70
182
129
199
46
59
162
72
12
89
185
64
186
45
1
191
56
47
22
149
123
69
144
165
48
27
132
51
127
163
108
71
142
153
68
150
9
16
82
179
35
143
79
146
18
156
175
11
183
110
197
113
86
30
147
39
109
6
91
98
176
52
14
171
20
195
96
75
130
57
116
24
169
111
66
154
61
168
139
60
38
159
181
167
117
87
3
2
196
122
105
90
23
148
85
178
44
13
120
25
26
43
37
73
131
119
166
67
78
152
121
170
92
158
5
33
31
193
50
160
137
95
164
4
49
77
84
106
133
100
136
140
172
53
55
194
134
103
93
0
54
32
42
107
10
157
128
41
88
94
190
187
138
125
21
192
177
34
198
126
