198
99
192
97
46
100
40
176
43
123
95
180
102
189
32
178
34
165
74
66
4
94
114
194
113
195
15
145
69
106
42
172
21
1
28
161
89
134
111
13
167
93
86
108
156
25
83
38
170
128
56
7
118
117
109
125
35
169
65
58
137
101
199
0
62
149
60
67
26
20
133
49
75
9
84
174
50
44
146
154
72
136
63
61
179
119
186
127
85
59
73
98
144
166
90
163
126
191
175
105
193
184
196
80
36
92
182
22
151
185
12
6
39
24
51
16
103
23
104
168
148
162
87
54
181
33
115
183
18
8
52
152
132
70
150
77
78
3
122
177
147
143
130
57
55
10
141
171
160
155
64
188
5
19
81
96
129
120
142
116
68
88
48
27
2
107
173
11
47
37
76
53
121
190
157
31
17
139
110
