154
23
150
198
62
37
88
51
91
20
53
85
66
13
63
46
60
33
87
100
136
114
175
16
107
182
140
73
24
77
165
185
55
189
48
151
197
190
18
12
82
152
1
130
181
132
97
162
11
59
47
22
93
127
188
70
65
45
126
44
27
71
7
170
90
103
108
104
102
161
72
50
193
106
157
15
96
3
133
118
105
166
83
111
134
54
147
180
4
68
9
42
194
123
115
78
17
174
184
183
159
61
69
195
28
163
124
192
158
173
186
191
121
145
56
116
144
95
58
52
80
35
43
179
81
129
153
39
176
6
76
178
168
117
19
172
196
10
49
137
138
156
14
67
187
21
177
113
29
64
146
142
141
160
