99
69
192
196
98
143
112
179
145
110
158
118
62
19
10
147
95
59
73
68
188
14
144
152
4
50
173
60
80
107
160
199
30
65
113
0
71
64
130
119
135
154
190
155
36
20
35
100
23
27
198
74
193
125
88
39
157
90
72
8
66
138
3
34
33
182
46
105
13
84
121
47
91
45
108
78
76
85
63
94
70
31
86
197
41
44
178
57
11
101
51
43
83
127
77
111
194
132
54
134
174
28
21
7
106
148
75
16
136
133
52
164
117
128
122
189
58
1
5
137
12
116
24
187
61
114
42
146
150
181
81
124
175
26
32
38
40
168
162
177
183
103
6
67
185
115
171
25
