120
158
93
72
160
161
149
191
165
178
17
119
166
8
73
46
24
84
196
105
118
81
115
88
140
154
126
195
159
48
112
2
164
58
6
89
53
41
90
92
78
21
16
190
29
40
193
163
147
180
1
77
37
153
28
157
98
97
12
125
11
33
177
104
51
82
19
109
123
23
127
14
124
26
66
142
27
134
59
117
39
162
60
135
106
49
85
96
56
80
132
68
199
181
52
108
75
36
62
144
22
67
175
31
45
187
25
171
100
65
146
188
156
172
133
102
137
173
35
194
145
169
32
76
107
50
129
141
185
7
47
44
114
55
15
69
10
3
63
121
151
0
150
122
79
94
57
9
167
116
64
192
139
4
138
54
34
13
182
87
103
61
30
101
131
136
176
170
152
74
189
91
83
143
168
155
5
