33
110
179
152
68
40
192
59
35
28
51
137
70
177
194
80
187
23
63
94
118
55
90
162
128
15
93
41
4
45
76
32
19
77
190
161
0
135
99
53
197
109
114
172
54
67
123
130
169
188
92
20
121
150
89
38
173
42
136
10
57
25
104
186
105
199
37
26
84
170
120
122
181
88
171
3
154
155
132
100
101
62
29
191
17
167
86
141
185
140
49
56
14
193
127
164
142
160
75
145
12
73
117
91
2
31
113
103
111
11
13
178
165
106
159
153
163
85
98
71
183
198
125
95
180
24
112
34
108
96
39
157
30
144
22
64
7
175
126
74
149
69
5
119
61
102
143
8
168
182
146
129
97
196
79
46
78
48
133
151
