112
185
29
154
126
180
139
100
178
118
131
34
146
110
96
14
17
63
50
32
127
114
198
171
19
157
20
47
30
60
1
48
148
175
151
6
104
7
101
97
11
4
134
98
27
65
149
170
40
26
42
0
56
95
73
52
10
150
105
167
57
44
87
21
183
141
58
80
135
197
195
85
144
76
28
53
9
13
16
12
79
194
142
169
68
8
89
69
125
160
102
92
119
116
22
129
54
173
3
46
182
145
109
168
78
115
93
23
103
94
15
45
159
31
86
111
107
184
90
165
55
77
181
61
191
108
51
123
117
162
41
81
82
156
113
138
132
164
72
158
189
188
62
33
2
75
199
66
153
192
37
25
196
70
120
140
186
71
106
84
38
166
67
43
99
161
174
133
91
122
163
137
176
5
130
143
128
187
152
18
193
49
190
24
39
177
83
36
