27
128
83
112
40
77
85
127
133
10
13
72
176
142
81
46
29
153
86
172
151
150
12
37
71
3
48
194
74
125
173
26
95
129
39
79
49
147
63
23
131
119
164
115
20
159
101
117
61
82
109
0
54
67
114
80
162
90
102
169
94
180
179
108
106
18
158
91
154
134
178
8
6
157
100
192
152
103
126
34
146
160
155
185
141
175
65
2
73
41
111
99
98
107
51
183
167
21
16
123
122
47
196
189
68
93
187
4
143
120
116
32
182
174
145
135
15
161
198
11
17
24
130
171
78
22
69
168
137
25
57
76
110
14
140
96
193
7
33
124
195
186
56
75
66
30
191
28
181
9
36
149
139
87
62
59
156
97
64
165
44
148
138
43
50
105
42
132
88
38
113
