170
44
111
174
145
155
159
45
36
151
50
163
51
88
182
175
63
96
95
82
103
13
17
105
12
97
161
99
168
199
87
70
142
42
0
127
179
156
180
194
28
84
162
92
143
85
101
108
55
115
79
128
6
35
2
114
37
20
18
135
172
39
49
26
24
171
112
149
25
22
116
176
134
119
192
71
74
184
15
21
30
53
164
167
48
109
160
104
123
62
47
67
100
136
4
34
120
1
40
10
16
121
43
41
132
169
19
33
78
148
93
7
165
129
91
124
157
54
198
61
125
183
131
146
38
191
68
60
118
130
138
188
59
113
102
185
147
3
187
86
75
9
137
141
69
5
31
56
152
94
8
90
77
153
186
46
80
58
154
190
110
144
73
72
64
133
106
166
150
65
139
193
158
66
11
122
178
32
23
83
98
57
181
196
107
29
89
117
189
76
52
140
