80
145
104
149
137
8
7
75
17
25
63
118
191
159
132
3
52
115
69
78
106
109
23
134
189
82
171
84
87
121
22
18
190
128
24
79
97
6
141
154
2
26
30
90
64
117
31
120
114
101
53
59
131
126
100
138
182
60
107
187
162
158
112
20
81
175
139
180
85
135
168
19
167
172
95
15
39
111
65
181
37
178
94
184
73
11
179
41
113
199
110
16
153
89
98
27
10
56
177
42
47
123
45
51
9
14
1
67
12
125
196
122
163
173
88
142
70
44
124
68
21
58
119
157
91
166
169
197
34
36
194
46
72
54
148
61
150
28
198
92
133
188
40
0
130
185
193
156
102
13
192
50
5
144
165
161
86
