87
46
138
159
22
172
38
100
1
79
27
80
63
60
4
24
118
152
148
29
163
47
69
181
109
114
33
151
74
184
64
199
91
132
171
52
11
94
153
115
140
112
111
55
186
90
39
124
57
185
122
182
8
116
31
75
14
150
56
23
136
6
43
85
96
97
66
194
65
81
28
154
167
83
117
26
67
19
70
195
88
149
180
189
58
32
7
170
106
145
198
35
61
120
146
36
197
25
113
168
192
133
147
196
158
42
128
175
3
157
72
142
71
99
18
16
187
15
191
21
173
179
156
37
68
104
89
131
174
160
183
188
41
134
129
176
2
169
82
127
121
48
190
155
137
162
78
110
84
17
102
107
62
144
103
13
178
108
177
125
86
10
53
141
101
50
9
5
105
164
165
34
20
59
123
12
139
44
119
161
49
95
143
76
51
93
77
92
45
0
