120
171
30
149
157
15
53
82
169
77
74
10
103
132
69
192
62
195
3
9
6
166
198
125
94
44
87
114
175
58
4
63
31
199
67
106
173
148
177
2
189
7
186
139
52
180
104
178
128
140
190
86
97
182
194
137
23
25
160
61
162
184
28
133
47
138
127
176
11
73
147
59
179
51
113
110
57
26
153
158
144
46
150
55
146
111
64
68
29
135
18
84
0
81
42
39
118
98
93
16
35
129
80
121
107
112
115
164
116
105
33
109
188
168
12
85
117
161
123
14
124
83
32
142
37
165
159
163
134
152
72
45
49
154
17
122
8
167
91
48
155
119
187
96
78
43
185
145
172
1
143
193
