195
30
81
85
2
139
182
199
162
84
45
106
120
100
154
86
181
14
31
134
129
74
50
166
130
175
177
148
98
25
9
88
19
60
110
44
101
87
8
102
7
47
104
11
6
55
67
99
40
155
183
22
141
63
42
16
58
164
198
5
185
76
92
83
80
117
179
59
115
95
32
170
174
159
48
153
38
1
149
121
144
127
163
128
109
145
0
146
39
126
73
191
103
169
24
62
29
180
56
21
26
189
111
147
75
161
17
27
116
193
124
142
52
190
51
178
165
23
49
168
78
184
20
192
196
157
35
68
61
13
188
194
36
167
79
173
138
137
132
33
4
112
151
172
143
118
72
152
64
123
77
107
28
53
91
90
187
108
96
197
114
57
69
158
41
12
156
105
