6
1
47
199
39
171
54
76
197
144
7
21
86
33
178
130
185
129
23
192
141
123
10
161
78
162
188
79
151
182
25
174
59
154
99
14
168
4
22
198
136
117
167
134
45
0
172
131
65
110
66
37
85
77
190
163
186
196
15
115
53
149
88
8
96
102
61
104
13
90
156
80
75
89
170
42
5
32
139
41
140
48
106
183
93
43
148
142
127
52
108
176
92
138
55
27
164
82
56
146
177
2
194
125
157
3
126
84
160
109
68
98
29
46
17
105
119
169
35
145
165
19
132
31
18
147
81
20
137
16
49
181
36
121
187
72
63
67
193
159
9
175
70
26
73
30
60
51
57
112
69
133
38
155
83
150
122
64
95
28
74
116
180
189
135
87
128
111
44
179
101
114
62
94
11
120
143
118
50
91
113
152
58
100
12
184
24
103
124
166
97
