100
166
38
107
158
59
78
114
160
8
93
51
31
15
122
145
150
129
120
133
65
58
139
68
91
110
115
30
136
135
88
6
3
127
188
180
73
148
25
185
164
118
23
22
66
186
43
84
17
77
26
2
189
53
45
190
75
46
57
194
74
156
193
177
178
155
152
147
159
61
175
16
60
113
116
92
183
39
173
169
195
37
141
151
18
108
94
97
41
121
27
50
131
192
95
101
98
181
174
162
142
125
170
83
81
54
85
149
171
123
79
117
29
87
104
124
82
35
138
24
182
140
72
134
99
102
0
47
40
11
55
9
19
153
42
132
52
144
143
196
128
5
103
34
13
69
90
