9
17
127
18
98
178
187
36
28
162
154
156
0
19
76
85
136
107
13
138
94
173
169
131
6
158
143
134
104
71
190
1
41
153
50
164
77
168
38
95
65
181
157
26
39
175
147
5
87
78
63
106
185
74
51
192
58
165
100
55
54
135
44
144
62
122
34
159
73
67
171
199
82
16
8
137
180
102
115
10
193
118
105
14
86
64
191
123
99
22
29
25
21
110
35
90
37
59
57
79
196
176
142
113
11
183
119
128
103
101
132
68
152
83
188
150
92
108
24
109
149
130
141
133
88
116
166
146
42
69
61
129
197
111
72
53
160
177
91
75
7
184
31
112
43
15
33
48
170
198
60
155
139
179
30
27
4
194
2
