85
99
63
123
100
195
7
92
136
114
46
68
153
25
175
151
17
101
186
146
28
137
59
70
179
27
130
185
149
125
34
121
174
148
107
155
21
139
169
192
171
116
104
48
150
78
115
44
166
91
140
134
98
176
45
180
69
29
80
56
191
4
196
36
93
187
43
86
106
62
138
9
173
0
10
84
15
2
193
183
65
53
3
40
88
172
50
161
108
96
109
95
89
144
135
160
20
54
184
117
58
127
158
81
157
52
113
37
76
118
189
178
132
168
26
120
6
39
159
72
51
181
13
131
111
90
182
199
38
145
30
156
87
188
49
147
177
57
133
164
103
16
197
5
128
82
167
142
129
42
32
198
74
71
35
119
152
