60
151
76
194
9
159
63
83
80
59
136
161
154
61
184
85
162
35
104
165
190
26
98
39
134
8
69
153
89
114
11
48
47
25
86
132
175
131
192
173
177
82
164
196
126
92
145
30
101
100
4
31
112
2
199
72
44
166
105
15
66
102
158
7
24
163
12
70
42
75
27
179
172
197
13
5
14
99
183
125
139
3
43
147
20
128
148
88
122
115
6
138
182
103
84
96
130
171
21
16
46
65
0
109
53
87
40
155
141
28
34
54
18
73
110
181
189
57
111
123
156
62
198
90
135
120
51
152
93
49
106
1
38
79
32
45
58
149
144
94
107
174
52
188
29
127
116
160
191
150
23
118
133
176
185
56
55
113
169
78
81
74
180
77
