93
190
158
172
100
69
70
97
55
78
88
111
150
140
154
15
105
128
101
192
156
39
125
41
117
5
17
141
8
40
186
2
73
129
163
164
109
130
9
122
67
162
51
170
42
48
7
197
191
98
62
107
134
160
49
142
171
32
92
31
19
91
96
147
178
188
115
187
133
143
64
81
61
30
75
85
26
123
12
194
84
45
165
76
198
181
29
139
72
44
124
99
71
127
151
80
89
175
83
14
3
57
155
138
120
135
184
46
145
23
79
50
56
66
22
38
185
199
126
144
28
10
167
43
11
121
4
148
177
36
60
25
21
112
179
137
63
54
116
168
104
6
106
131
18
176
82
189
74
193
152
110
146
161
24
153
34
149
169
182
166
119
94
16
180
103
13
0
77
114
90
52
1
196
113
174
136
86
47
68
95
157
195
102
59
65
108
132
20
35
33
87
173
58
53
118
183
