12
28
197
16
112
84
155
125
129
10
188
144
196
63
132
93
177
136
170
8
180
33
45
60
117
97
72
76
131
37
7
151
119
0
173
108
102
110
175
47
11
62
118
38
193
79
35
103
123
95
145
34
15
24
140
27
40
178
67
124
164
17
30
184
13
77
2
100
195
154
150
192
135
36
50
52
107
68
89
190
46
98
23
49
130
189
133
101
9
48
146
96
134
44
120
87
176
160
80
106
199
92
161
83
66
94
5
104
74
111
152
142
53
114
4
138
137
183
121
18
54
69
71
194
43
26
158
31
32
70
167
25
115
128
105
174
99
75
159
6
148
42
139
198
86
147
14
73
57
59
51
78
163
186
109
179
191
88
3
141
149
172
58
187
153
157
162
165
82
1
166
22
20
113
185
122
169
90
64
41
