29
4
118
141
185
78
86
129
46
179
196
25
177
65
27
37
133
198
16
109
45
180
192
84
97
106
5
41
77
124
54
1
178
186
187
40
164
125
64
98
189
156
87
59
143
51
95
26
165
49
100
147
23
113
175
123
36
88
101
11
56
155
76
146
52
19
142
173
151
75
12
6
134
55
183
167
170
66
91
152
132
154
38
35
9
70
137
194
79
83
71
171
144
131
57
162
128
181
73
81
195
139
168
63
140
182
105
149
14
115
8
172
50
2
190
85
31
61
96
34
193
127
148
94
80
93
43
58
114
0
42
169
44
53
136
28
130
161
166
33
82
89
135
22
197
107
48
24
18
160
111
176
159
116
174
20
163
74
102
32
120
199
188
21
122
184
99
10
145
68
121
126
92
13
17
69
90
158
60
67
7
62
117
108
150
72
110
119
