120
174
107
105
150
180
152
192
182
147
67
85
11
18
39
191
71
90
128
198
1
146
189
4
111
125
149
131
64
115
130
99
76
33
44
162
24
87
197
136
34
168
54
8
112
140
97
80
122
82
143
28
185
29
45
53
21
72
62
47
151
117
194
118
15
17
3
186
133
109
161
93
160
170
181
25
66
138
102
113
46
103
134
96
158
110
177
81
2
190
52
13
56
127
79
183
31
156
16
74
88
164
141
95
188
154
7
32
69
51
5
101
35
114
65
27
78
129
139
14
94
10
178
43
60
123
135
36
63
70
86
26
165
157
132
169
68
92
9
142
148
108
124
106
57
75
98
187
100
144
104
121
89
19
166
55
23
167
6
73
171
20
199
153
48
126
155
116
59
