149
53
120
70
127
180
64
169
198
109
139
103
183
44
66
148
86
87
128
123
88
60
141
190
121
33
135
171
144
80
73
48
163
140
22
167
199
151
65
52
177
23
187
195
166
189
4
111
21
67
125
45
114
99
185
41
26
38
82
117
116
192
164
184
47
106
18
159
42
98
157
172
51
25
138
77
165
124
37
136
1
160
63
132
130
68
35
14
11
46
91
94
181
83
5
162
196
58
10
131
71
24
17
105
54
143
7
29
158
32
59
170
50
61
16
62
34
6
100
84
107
182
69
126
19
96
55
9
8
97
20
152
133
146
93
113
49
153
40
85
56
101
147
104
150
115
178
89
30
72
76
2
142
43
188
154
78
122
36
129
112
194
193
186
161
81
110
95
156
13
39
12
28
92
175
155
174
145
0
27
57
75
191
74
90
168
31
137
15
173
197
