187
190
131
38
52
104
119
97
191
76
45
100
89
54
196
58
96
13
124
91
123
37
39
115
174
103
15
69
43
167
12
22
3
105
51
18
79
199
78
192
178
121
21
2
193
61
134
135
195
16
107
19
40
80
166
20
71
137
182
122
99
74
83
60
155
118
198
65
35
85
93
41
161
88
75
170
82
66
25
55
186
64
87
68
197
185
152
180
151
173
108
129
160
106
145
4
148
10
111
29
176
73
169
132
162
23
17
95
154
133
70
147
32
158
24
125
141
14
179
120
171
184
168
5
1
146
26
92
81
172
44
8
149
110
153
164
86
113
117
49
46
194
175
142
138
116
77
139
128
63
47
94
50
140
136
163
127
126
27
177
165
36
6
9
53
28
