135
159
46
115
26
20
13
58
97
6
32
38
27
91
198
127
182
174
138
104
177
166
79
163
146
189
80
42
183
118
69
57
126
184
19
179
167
150
190
132
74
59
12
171
53
75
72
151
193
102
149
47
24
82
152
48
65
78
147
51
110
176
192
199
170
145
185
178
25
88
98
164
66
87
77
142
153
16
0
95
114
29
160
141
33
62
21
71
129
2
1
101
86
37
100
117
61
108
83
49
43
124
107
54
94
123
41
180
55
154
105
195
96
36
121
92
70
4
134
17
191
119
162
128
194
103
144
28
197
67
23
148
63
106
52
30
112
196
64
9
137
85
139
111
158
109
8
188
186
60
39
172
131
113
157
10
45
168
187
5
84
68
156
173
34
35
143
93
169
165
22
73
40
133
11
130
99
31
90
3
136
56
18
89
181
