163
51
46
144
137
166
132
43
9
105
118
169
66
50
192
107
167
164
182
196
72
195
103
194
74
45
24
161
96
78
187
26
14
30
191
93
168
115
188
119
114
90
1
10
109
151
70
58
2
185
54
139
138
83
125
126
67
62
124
6
165
29
12
133
106
170
147
32
34
16
8
22
86
186
171
142
148
75
87
149
156
21
116
68
28
154
94
176
160
88
180
98
143
110
178
152
20
131
69
80
53
57
0
27
159
71
81
41
181
122
61
84
39
7
173
128
85
102
92
95
198
162
5
17
89
97
82
15
101
35
44
134
18
174
23
73
37
100
64
33
172
177
25
13
183
190
104
127
79
31
