92
168
46
126
116
175
99
9
163
134
157
8
29
166
139
187
193
17
31
57
129
71
32
43
41
185
142
88
118
123
181
7
182
54
25
79
23
162
51
0
176
106
148
50
191
179
36
195
44
150
1
39
5
188
192
30
153
93
100
55
133
70
59
196
76
63
102
158
137
165
15
81
105
90
152
110
167
108
164
45
13
80
19
140
42
119
199
98
146
170
155
56
66
10
40
171
84
12
62
103
132
75
180
82
53
96
64
198
18
35
169
11
147
115
145
33
186
24
67
3
78
135
124
177
112
130
61
113
174
94
47
6
4
160
14
197
154
125
83
127
107
173
117
16
21
49
183
136
189
144
68
184
