59
195
42
173
6
121
101
169
65
77
9
30
36
107
72
194
28
78
165
102
1
91
53
163
109
3
156
61
20
185
128
130
76
196
198
119
166
32
110
139
73
142
103
22
26
8
60
155
152
64
115
106
84
80
120
113
188
89
57
23
105
192
125
55
38
129
178
54
37
68
123
144
39
148
181
186
7
90
21
96
161
52
5
12
82
49
98
180
189
56
153
177
94
126
143
14
83
174
31
99
168
58
116
187
182
92
48
45
67
136
47
33
159
179
111
146
183
117
184
34
74
40
19
0
122
51
16
147
35
27
2
24
127
150
149
11
87
86
114
162
124
4
95
17
93
134
167
151
66
137
15
199
154
160
104
118
79
41
175
50
13
29
140
75
193
145
170
171
97
