98
110
142
17
57
28
101
31
83
147
117
74
18
77
167
10
96
19
21
174
59
119
190
182
12
44
73
146
134
39
194
27
140
158
111
126
108
41
151
85
20
70
123
30
129
191
91
95
120
149
58
75
141
154
69
197
130
193
34
72
46
67
76
66
184
63
5
168
55
32
195
97
177
99
7
172
164
178
152
45
49
131
124
1
103
133
60
42
176
192
122
199
189
25
79
138
89
22
107
48
6
114
93
121
155
36
88
68
196
54
81
180
9
163
112
186
165
159
2
183
50
109
166
94
179
185
15
148
137
128
87
144
23
56
4
188
37
71
53
78
169
65
106
102
139
51
143
170
162
61
16
8
181
90
80
157
198
3
105
135
115
145
171
100
161
33
24
118
127
92
43
156
26
113
125
64
160
104
175
35
13
84
14
29
52
38
173
47
116
40
150
62
0
132
11
153
187
82
86
