61
24
87
73
152
6
37
190
194
165
146
4
138
20
188
99
112
132
126
172
115
70
171
51
121
98
178
113
74
166
60
39
1
160
110
7
69
38
67
84
25
44
56
71
176
105
134
197
164
9
167
183
124
198
32
90
35
89
72
123
95
135
59
26
155
46
136
91
120
13
175
103
108
77
65
168
78
52
64
149
33
104
40
5
142
114
186
58
21
15
68
88
116
199
193
55
14
3
117
75
97
170
179
156
101
23
128
47
144
161
159
83
62
8
133
141
189
129
191
109
11
145
131
2
158
28
12
18
169
100
10
130
192
34
147
143
127
177
81
22
57
151
53
163
93
195
49
118
154
181
63
180
41
196
0
94
173
185
17
31
85
148
150
48
102
111
92
66
27
79
42
29
43
86
187
19
82
137
174
106
45
122
76
54
107
157
139
50
153
96
182
184
80
30
140
125
