157
124
122
77
101
83
151
165
119
138
143
172
109
125
44
146
65
96
85
51
164
26
169
145
38
110
21
118
59
135
84
139
45
181
71
56
66
91
185
8
52
160
130
18
95
90
175
180
89
148
29
140
189
182
142
99
78
147
15
111
28
81
127
16
170
150
39
176
70
152
61
184
163
93
167
82
22
103
40
196
25
128
120
74
12
161
168
129
186
9
156
133
47
107
114
20
106
1
0
32
105
36
159
80
173
23
104
42
97
14
35
92
2
63
136
58
7
132
98
121
102
60
131
75
86
194
41
198
76
158
162
171
191
178
3
68
4
24
31
69
192
62
37
112
64
197
154
67
88
6
43
94
34
48
155
72
149
50
115
177
55
33
5
144
19
30
11
126
117
153
79
188
116
13
17
137
195
46
123
57
141
100
87
166
190
183
187
73
49
113
134
179
10
174
