63
28
40
50
100
155
61
77
174
163
112
3
75
23
182
193
26
195
9
139
29
160
115
20
110
13
129
82
32
142
123
55
168
16
73
132
137
199
76
62
153
87
97
95
47
48
33
72
36
124
90
21
171
162
122
141
104
106
37
143
67
0
11
35
109
173
116
175
101
103
80
151
158
119
70
121
54
22
114
108
191
1
98
43
190
113
111
185
91
66
102
148
180
52
152
4
49
130
57
172
94
161
126
7
107
8
178
89
149
25
194
27
140
167
81
30
88
56
138
179
184
105
59
38
198
41
183
192
44
46
68
64
186
145
150
19
117
92
157
196
120
84
69
17
58
14
169
79
71
181
170
85
156
189
164
159
134
42
166
128
188
