35
80
192
62
69
4
46
41
145
8
117
67
180
184
10
19
72
77
49
178
79
61
181
182
11
17
55
76
70
25
137
150
5
75
78
27
83
193
171
199
146
53
99
60
109
87
119
18
141
116
170
42
111
15
148
161
122
39
96
185
187
126
102
166
105
167
189
108
37
196
81
58
142
64
130
147
26
88
114
169
188
125
13
157
20
138
135
118
43
51
134
100
121
177
127
86
32
197
92
198
162
45
29
48
129
7
115
82
160
12
106
73
2
104
110
93
174
149
16
113
1
31
23
90
133
68
103
14
57
63
38
40
84
164
71
194
176
91
143
158
132
172
124
154
97
183
144
