175
51
83
6
72
15
148
151
92
183
70
42
46
155
14
18
25
159
168
139
108
31
113
111
173
0
84
80
52
116
2
38
12
140
24
99
180
44
29
81
163
115
114
191
85
60
185
13
4
93
19
118
186
73
176
170
101
126
165
152
33
120
94
167
34
195
102
76
145
187
71
20
37
117
68
61
162
3
135
129
79
28
128
22
58
197
36
87
107
137
59
77
75
179
21
97
133
55
178
184
105
141
66
103
109
182
136
48
142
8
32
86
164
110
27
177
112
30
181
45
194
104
82
89
123
193
157
10
74
156
198
63
106
144
153
39
7
16
17
149
43
41
166
121
49
158
147
199
196
47
192
174
98
134
127
9
125
138
64
131
65
189
23
119
130
67
26
169
90
143
95
56
96
190
124
146
