19
128
102
87
175
54
29
105
42
58
159
30
21
116
122
28
153
51
195
52
171
17
4
96
189
40
111
41
106
36
39
173
91
133
5
137
24
126
125
12
136
94
31
73
90
59
11
114
72
7
197
27
157
108
63
104
62
93
127
166
60
100
85
75
34
192
131
84
140
135
45
184
8
158
50
44
35
10
48
95
43
182
2
115
120
118
47
53
97
134
67
79
13
187
185
46
70
154
168
193
174
6
167
88
121
65
151
178
194
74
123
109
66
139
33
22
26
18
161
180
177
172
61
155
76
156
55
32
107
23
170
113
152
82
81
163
49
138
0
150
9
78
141
165
99
89
101
144
57
80
112
69
181
56
92
20
77
143
147
86
1
176
162
124
98
169
164
71
83
196
142
16
68
117
149
179
119
130
188
191
145
64
186
183
146
110
25
37
38
103
148
15
199
14
190
