120
115
167
155
85
194
15
149
1
193
92
53
132
14
26
60
23
176
165
8
21
122
114
164
67
121
180
19
101
138
95
197
96
82
110
55
45
2
130
183
35
25
27
111
16
24
74
89
46
144
190
76
31
135
163
20
103
174
189
94
150
157
38
9
170
184
57
18
109
191
102
136
123
47
43
146
54
84
90
48
81
80
51
137
73
29
63
187
105
3
141
151
97
28
93
50
154
42
49
40
79
181
131
99
6
34
22
91
159
61
11
30
113
56
5
104
33
145
107
185
98
108
171
69
71
186
188
161
68
140
83
153
177
179
152
39
125
86
64
116
75
162
77
88
147
182
172
52
37
143
124
72
78
62
59
0
7
32
41
173
65
112
36
70
66
198
12
100
126
4
156
87
199
158
192
139
13
160
142
166
10
178
17
117
