89
140
116
53
135
106
32
102
169
90
118
187
164
199
156
194
65
60
168
198
184
39
46
1
110
16
54
127
195
36
150
64
84
0
192
136
155
129
119
131
91
111
70
27
112
45
185
137
13
144
24
125
58
108
145
7
62
179
5
15
171
149
74
77
162
47
86
114
37
99
107
128
143
42
159
67
163
26
109
55
153
11
157
172
43
181
165
57
152
142
81
44
29
6
96
56
17
76
71
173
3
69
88
83
34
182
178
177
141
115
174
80
20
18
4
100
139
193
30
146
138
188
72
82
123
197
117
121
78
166
41
134
186
9
33
160
176
12
167
50
63
73
14
190
22
97
28
19
180
87
133
151
183
94
175
79
189
161
122
66
147
126
104
31
40
51
124
38
95
49
191
61
75
103
105
170
10
48
113
21
130
132
98
68
154
2
85
120
52
101
196
8
148
92
25
158
59
