104
106
124
1
14
175
7
114
21
168
186
166
187
8
69
190
19
144
161
38
107
119
51
64
54
170
11
103
70
133
74
31
52
5
137
148
63
153
48
97
109
183
139
81
172
158
112
178
193
185
29
42
152
101
84
162
182
98
41
25
72
24
128
17
37
3
47
145
53
131
195
60
2
177
28
65
146
0
55
90
91
56
67
79
16
61
105
94
198
32
159
86
62
4
189
82
92
156
15
164
77
141
71
76
147
167
58
22
160
157
154
151
110
34
80
45
143
99
95
150
113
149
85
75
169
155
40
49
36
12
135
73
132
46
188
125
121
138
118
179
10
173
171
78
18
43
68
127
116
35
100
136
176
89
