172
1
87
39
164
142
190
49
187
199
101
82
148
154
193
176
116
74
62
85
140
43
9
118
184
68
160
6
133
136
52
112
102
4
143
37
25
64
106
96
11
170
127
197
105
54
38
185
70
53
13
103
147
149
27
177
89
159
168
24
41
181
115
94
19
131
120
178
182
128
0
186
108
137
15
151
145
161
157
16
126
78
100
155
31
125
188
7
12
67
63
56
92
114
30
132
8
26
107
97
179
135
55
95
138
130
165
162
121
175
123
86
111
191
174
152
10
22
73
61
109
35
98
81
99
50
146
34
76
88
77
198
45
129
75
158
20
83
153
46
84
32
21
18
23
3
166
104
183
169
60
195
122
28
69
66
47
80
36
71
194
134
144
180
44
33
124
91
171
57
139
167
192
72
173
5
117
42
90
29
