153
77
159
110
11
189
175
122
114
177
171
137
141
117
29
90
99
154
168
6
116
85
170
73
147
157
142
42
111
0
16
9
118
59
65
86
72
69
64
126
3
131
196
66
43
184
187
103
87
45
136
14
39
34
151
121
182
56
17
70
180
81
95
35
12
162
84
67
178
44
15
105
185
152
7
193
108
109
128
93
130
106
21
62
100
1
192
125
10
79
18
98
22
53
36
25
8
13
199
48
143
146
74
132
120
4
145
46
92
41
133
30
119
149
115
172
163
88
188
134
33
52
113
83
167
155
173
107
26
54
47
127
190
144
161
158
76
24
78
5
91
124
58
150
31
194
63
60
51
19
23
176
75
166
160
38
71
49
96
186
198
129
191
169
164
