70
163
166
17
119
31
142
172
11
15
198
115
158
96
0
113
162
114
188
192
51
36
44
25
121
81
88
92
6
171
135
157
93
46
71
145
82
34
76
102
55
164
181
154
193
22
65
187
1
37
56
89
137
101
124
134
12
149
30
29
67
95
87
18
117
144
179
79
64
123
110
68
98
174
140
45
80
151
191
175
104
32
141
199
83
58
133
128
103
184
170
14
91
69
125
194
43
105
85
59
5
21
16
10
72
156
94
173
152
75
182
147
7
159
136
196
139
54
86
97
4
169
138
24
155
180
177
47
195
120
49
23
148
28
27
52
197
13
60
143
129
178
118
122
168
131
127
53
165
183
176
130
112
73
61
186
63
26
66
106
3
77
19
100
2
150
99
