105
184
35
131
38
116
17
68
44
117
148
19
96
95
52
136
175
45
60
111
161
51
154
183
94
3
195
23
149
69
55
2
33
124
99
7
151
40
92
134
106
100
12
191
10
47
108
26
5
34
57
164
121
1
178
163
128
15
167
29
107
147
140
59
49
168
166
174
192
73
115
65
194
87
138
122
8
16
141
21
53
89
187
36
82
22
144
110
85
11
24
179
173
101
181
75
130
84
48
62
137
177
159
43
42
132
30
13
188
104
77
103
112
54
193
14
142
155
127
176
157
98
72
91
31
152
50
63
125
18
80
25
160
182
83
186
146
150
28
158
133
172
58
123
97
135
0
189
88
37
79
119
70
109
190
41
