147
97
120
9
100
47
103
16
129
38
37
146
185
176
26
87
108
28
18
116
59
72
137
161
21
150
175
42
184
64
1
7
20
145
110
124
83
157
134
45
85
82
171
109
93
168
133
23
62
172
141
2
181
31
187
63
95
132
149
4
122
158
125
188
196
39
3
56
186
138
66
160
58
117
121
94
89
10
51
180
34
27
91
61
67
70
36
79
123
128
198
90
191
19
153
148
193
192
73
197
6
107
195
156
166
99
119
68
50
40
135
143
190
177
44
183
194
54
71
165
96
164
52
114
131
162
32
101
14
86
199
140
30
78
25
84
179
159
29
15
152
118
115
112
130
8
104
41
106
53
88
24
0
48
13
22
163
75
77
102
144
33
182
98
74
35
80
126
113
65
57
174
69
92
127
76
46
12
170
17
167
5
43
55
60
136
155
189
49
142
173
11
105
