185
25
91
174
147
182
29
77
69
139
95
21
112
177
138
17
178
111
27
141
153
109
125
56
3
152
190
42
74
120
76
68
116
59
13
175
121
61
127
132
66
150
187
184
118
19
110
33
168
165
129
151
53
170
97
194
82
14
62
158
192
161
51
86
164
186
163
12
104
189
98
191
107
46
52
179
18
11
6
103
143
20
196
40
154
37
65
81
70
115
128
114
108
122
36
16
136
28
15
64
30
169
195
50
35
92
34
100
55
89
32
0
80
173
183
45
146
4
93
26
72
180
71
96
8
197
162
198
58
73
149
54
79
119
85
135
160
63
94
126
99
156
41
124
106
7
24
39
159
23
137
31
140
167
88
75
9
117
67
176
102
22
