113
36
159
93
163
8
28
173
151
160
31
26
2
90
167
70
117
65
17
64
78
7
9
22
139
197
23
111
144
96
21
166
165
35
61
181
49
131
146
94
136
182
38
198
6
155
143
45
92
178
156
67
134
152
53
179
185
150
4
43
170
63
108
161
30
91
184
130
69
145
126
80
11
5
40
62
123
24
73
39
37
120
29
147
72
98
1
59
127
76
32
50
124
129
66
74
142
118
135
132
3
100
47
137
52
83
186
27
82
128
19
88
86
115
199
138
97
56
85
54
183
77
15
101
12
71
172
57
13
104
112
169
89
164
58
95
18
121
42
133
25
194
158
193
122
148
196
149
68
81
44
192
190
33
14
188
0
114
20
41
125
55
106
48
79
157
119
103
109
16
87
140
189
34
10
187
102
195
174
116
60
177
75
