137
34
121
96
6
71
136
132
135
46
101
33
104
86
180
85
161
110
23
0
192
78
196
7
22
90
183
98
106
130
1
82
94
131
142
176
195
30
199
57
193
29
117
81
159
53
177
14
48
41
60
67
97
3
139
119
73
64
26
72
31
42
66
55
182
32
39
69
50
138
141
127
62
80
113
123
157
56
147
189
9
167
143
170
102
2
47
158
21
194
88
79
59
172
40
160
122
10
58
168
103
190
198
174
108
36
179
68
153
178
20
156
155
116
151
105
84
83
93
126
150
125
109
133
15
114
61
63
134
197
162
16
5
145
91
99
100
163
38
128
191
124
187
165
112
11
19
8
44
148
129
18
76
4
43
95
111
140
120
92
173
27
74
149
118
54
186
146
152
77
52
25
49
166
188
51
37
65
181
171
70
115
89
107
17
164
75
24
154
185
175
184
13
87
28
45
