150
103
45
0
159
149
129
71
10
18
47
7
120
187
186
66
22
55
81
169
146
88
63
165
73
157
194
136
99
105
54
8
21
3
106
178
111
131
148
15
42
109
173
162
183
196
142
141
50
72
25
70
48
68
182
189
155
152
27
115
95
11
121
138
133
114
85
51
171
69
176
145
167
80
19
102
83
14
175
32
98
62
17
31
101
44
119
90
64
154
140
35
188
4
6
156
170
53
143
30
163
147
199
153
135
86
94
172
110
75
34
130
41
26
113
92
195
96
87
39
67
104
33
177
132
166
49
144
12
192
52
160
37
125
179
59
116
191
2
100
185
29
56
38
57
9
58
61
124
198
127
139
158
164
137
123
126
193
84
128
5
122
76
1
112
13
65
108
46
197
79
60
24
43
20
161
190
77
89
36
181
97
180
28
91
82
168
184
78
151
23
16
40
117
134
74
107
118
93
