122
146
158
13
60
110
125
114
65
77
147
161
97
108
166
33
197
38
134
149
103
120
15
162
148
117
12
22
68
51
104
126
193
87
142
55
20
181
41
88
160
155
159
47
123
182
190
167
172
8
36
109
40
174
127
187
175
154
26
141
130
71
102
137
73
91
1
189
31
152
52
115
35
178
185
42
21
23
44
49
192
128
3
58
45
99
168
80
171
143
84
76
86
4
69
27
157
194
163
179
75
153
98
66
121
34
95
118
90
43
140
191
70
74
28
82
2
59
14
186
107
180
165
29
61
24
54
177
156
199
101
67
48
195
85
10
78
64
5
7
135
53
96
100
56
37
32
198
139
106
129
111
112
131
144
30
136
113
93
164
19
145
39
124
92
6
170
16
176
62
188
132
183
133
72
11
150
169
105
83
138
18
94
63
119
9
