187
45
61
51
66
80
8
97
157
89
147
52
14
87
172
190
113
36
103
0
168
75
27
130
15
28
175
112
107
1
167
72
42
105
56
53
153
162
37
126
67
185
6
110
40
30
129
9
134
20
26
34
154
95
64
62
94
125
91
23
32
49
140
170
5
186
177
93
116
81
86
160
38
69
16
79
63
57
189
137
121
131
7
84
35
169
55
78
142
100
108
159
33
77
46
68
146
31
132
18
99
12
71
136
10
4
106
102
139
143
183
178
155
39
158
138
196
156
161
47
58
101
41
118
54
171
149
124
141
133
198
119
128
114
25
122
176
165
182
65
22
123
98
2
70
50
174
151
145
115
82
188
152
13
148
104
74
21
144
3
76
83
192
179
109
85
184
166
90
111
17
197
60
92
127
96
44
88
11
195
24
29
135
163
117
150
180
173
164
43
199
59
48
73
120
194
