85
152
83
180
8
195
169
100
141
68
37
21
90
190
40
57
35
27
161
65
82
140
9
151
86
189
105
34
122
36
5
113
187
168
92
64
196
22
149
121
66
171
123
31
75
165
99
177
89
12
97
163
59
102
106
29
158
50
20
39
193
145
0
153
167
128
191
28
94
194
129
38
49
150
24
2
43
132
157
56
137
60
87
156
178
81
120
185
199
107
110
186
79
164
181
70
175
109
63
155
1
125
3
32
53
148
91
146
170
18
46
77
135
25
30
48
136
127
55
69
78
33
11
41
84
103
143
124
13
62
98
131
183
72
73
17
93
126
162
188
174
118
14
71
108
130
160
47
19
58
