166
167
182
42
50
76
24
180
110
183
118
191
62
123
4
158
144
134
40
159
69
162
170
31
160
35
59
115
32
58
78
190
195
109
143
121
93
90
198
21
128
17
186
129
177
148
178
3
161
124
99
10
138
153
196
36
164
64
19
14
192
1
97
28
168
86
181
173
22
87
106
189
25
139
151
132
197
155
13
39
72
194
140
133
47
52
49
18
169
125
137
91
54
96
95
8
199
111
127
146
2
6
185
141
172
187
104
136
131
66
89
84
94
57
100
20
193
165
147
102
77
157
88
113
34
71
179
51
98
149
75
116
29
41
15
45
9
82
61
175
46
120
79
174
55
60
67
43
44
56
53
11
23
85
7
30
150
0
33
