100
191
125
184
163
82
33
192
31
146
24
19
77
175
91
8
47
73
71
27
198
7
57
25
141
118
88
103
194
169
85
151
162
113
26
67
197
154
165
68
135
178
142
0
11
49
92
145
108
87
193
75
105
52
90
143
78
177
72
69
94
97
17
122
148
199
156
93
35
22
120
111
116
86
74
107
30
180
98
189
38
134
51
70
62
159
139
110
2
138
84
1
176
152
136
171
43
14
174
149
182
140
123
117
42
18
4
144
81
132
96
65
64
37
28
83
127
102
186
56
153
188
58
40
54
128
66
195
166
80
173
44
131
147
161
10
181
112
157
36
5
63
160
3
130
104
39
61
13
167
89
133
121
101
137
187
45
150
53
34
32
155
129
115
126
29
119
95
15
20
179
183
