25
86
44
23
95
49
142
5
190
19
35
118
2
138
33
78
173
92
159
164
197
187
66
83
122
21
80
42
27
170
7
114
154
115
133
134
29
73
185
55
140
57
90
181
10
145
158
129
149
128
9
6
106
100
193
104
107
11
75
94
175
14
195
116
8
119
112
105
147
99
108
189
171
61
30
156
172
199
143
130
20
24
169
117
165
81
113
167
144
47
177
34
157
146
56
139
52
101
13
168
18
17
16
198
180
15
0
155
4
141
97
123
70
163
39
69
152
74
121
3
53
192
166
110
76
26
132
36
58
111
91
174
62
188
71
109
38
182
45
196
43
46
184
186
28
131
85
161
59
178
89
96
162
37
63
84
102
79
65
51
40
179
32
98
72
54
82
150
191
137
135
183
160
77
22
67
50
125
153
194
103
