25
0
53
142
180
120
11
65
51
22
119
99
48
10
96
39
153
123
104
80
128
139
150
98
107
78
71
97
19
154
165
64
61
146
82
59
44
86
45
114
166
67
134
101
47
182
179
175
9
7
26
133
143
131
29
173
109
94
93
66
196
189
174
74
27
3
81
20
162
187
21
178
197
127
167
1
14
4
183
12
5
147
73
34
144
31
60
172
68
193
63
113
42
111
40
132
138
23
157
148
158
84
188
159
87
77
168
184
69
100
112
50
35
121
30
171
24
56
72
152
185
191
125
129
13
17
46
130
43
95
176
177
103
145
199
76
122
37
8
126
58
106
124
149
91
33
164
6
192
88
135
160
49
108
110
