32
189
157
71
11
169
199
116
158
91
104
120
177
186
122
149
70
119
155
164
85
8
118
114
19
176
49
117
92
153
109
58
20
171
46
4
161
76
77
107
61
140
48
50
29
188
33
72
22
152
12
51
79
7
23
198
94
90
106
64
54
74
159
93
40
1
86
43
167
173
42
179
67
53
127
182
99
132
160
136
137
82
101
57
95
123
102
192
166
13
128
60
197
195
3
111
59
18
125
183
98
185
178
9
55
165
80
65
37
17
97
88
24
5
113
100
39
108
131
135
138
145
103
180
115
134
154
163
129
83
81
52
66
126
25
184
96
78
196
89
121
112
68
31
87
133
26
156
16
36
