198
32
142
87
197
72
164
109
96
191
62
176
102
112
24
160
195
81
25
131
154
10
36
44
93
19
192
53
70
193
117
40
61
78
183
4
140
113
42
124
148
91
104
152
57
84
15
18
114
143
150
23
82
132
41
21
2
155
0
29
139
163
172
63
83
75
138
170
39
162
127
31
50
1
12
145
77
105
45
119
85
128
8
59
166
60
92
9
171
73
5
122
158
49
156
146
161
98
133
100
66
129
184
90
48
43
46
68
6
58
108
55
177
199
126
30
95
74
173
134
101
149
107
182
16
64
71
76
144
116
11
174
130
37
178
137
106
111
110
179
189
99
35
159
169
80
97
20
54
13
51
67
185
3
47
79
38
89
141
118
165
147
22
56
123
151
69
175
196
14
86
190
121
103
94
34
188
157
88
52
135
17
65
125
168
120
167
180
187
