30
160
14
1
171
61
180
90
168
79
188
174
199
66
24
101
89
167
36
184
181
190
92
12
47
183
81
9
13
107
141
175
169
102
71
139
185
162
127
97
130
46
6
94
178
145
48
49
148
69
143
119
128
113
34
74
38
118
35
195
43
132
135
58
37
26
133
82
136
77
150
166
161
70
164
112
163
172
117
126
122
146
156
157
176
67
0
73
31
22
142
159
75
95
99
29
144
19
17
63
64
106
115
5
56
196
86
20
103
16
105
10
149
33
194
98
193
53
32
54
137
165
134
72
152
84
57
21
158
3
91
198
120
129
80
170
154
28
4
76
44
52
125
177
8
155
104
123
100
42
41
45
60
116
78
15
68
151
187
39
189
197
124
55
40
182
18
83
62
