143
106
50
120
148
64
79
144
87
132
189
122
31
157
137
158
198
59
40
167
110
12
29
60
84
80
131
174
61
98
197
23
191
82
193
74
55
3
93
20
44
159
179
53
105
1
11
90
150
75
24
46
100
5
57
54
176
45
99
172
95
21
123
10
162
48
165
86
52
108
184
118
178
32
107
62
169
28
19
69
78
116
141
149
7
155
187
70
63
194
147
136
13
154
192
73
109
96
180
97
43
91
119
33
183
39
133
134
26
126
195
72
117
138
4
129
163
14
128
130
66
113
58
8
6
146
160
16
196
188
115
186
139
185
199
170
42
161
36
34
152
89
127
114
101
85
102
35
56
135
164
17
103
140
37
