27
93
51
26
103
147
123
65
12
42
121
108
92
128
83
119
190
18
177
49
86
41
47
170
163
197
150
112
46
140
30
85
193
21
122
72
146
31
131
106
115
9
169
90
161
114
142
187
180
155
61
183
63
71
138
124
113
80
58
101
167
191
8
60
23
81
54
24
152
38
95
196
11
94
199
189
133
16
172
184
192
55
159
56
34
22
127
137
78
17
37
181
75
134
165
91
33
28
135
50
151
166
157
57
48
19
4
160
70
6
164
15
25
105
195
67
52
194
136
168
76
74
176
39
171
148
156
64
44
0
141
69
179
32
35
129
88
73
10
84
139
110
111
125
104
