178
101
77
28
100
119
171
144
32
38
59
165
62
92
183
30
140
143
91
8
172
71
121
150
12
168
191
4
123
66
3
154
118
22
184
74
41
33
134
147
55
149
75
45
104
53
135
69
166
146
194
72
78
137
105
155
56
99
36
141
29
73
189
151
83
126
127
125
139
63
193
47
111
13
199
158
10
9
180
188
27
16
132
24
108
2
182
113
34
44
20
197
98
93
50
153
95
176
109
37
174
88
6
79
97
164
17
68
142
145
18
195
112
175
80
14
128
31
5
129
82
19
84
160
173
40
152
124
94
46
1
163
26
65
157
58
138
86
87
48
70
131
96
170
136
187
85
186
114
64
167
196
110
185
76
133
115
103
7
23
81
90
122
60
190
161
148
120
198
181
43
15
169
0
130
