87
193
140
70
136
166
7
63
46
145
156
61
53
39
73
167
178
110
5
9
44
199
146
195
115
55
77
14
135
133
109
41
143
49
177
151
38
141
198
85
90
23
93
19
173
89
139
188
6
122
164
107
83
194
56
42
71
94
40
131
149
79
0
129
59
181
125
165
169
147
82
170
29
20
123
67
37
31
192
88
185
182
168
24
54
154
116
138
11
27
66
113
1
100
189
47
80
103
12
26
28
81
163
21
176
98
101
118
4
196
18
114
75
179
159
152
117
137
160
30
158
171
13
190
25
62
161
72
175
186
78
58
102
60
112
111
128
162
130
76
121
174
69
148
74
43
99
17
48
106
68
3
120
150
155
57
10
52
104
45
36
108
144
132
126
191
142
32
15
22
127
16
183
105
33
86
65
153
92
119
35
