126
89
176
74
138
144
194
182
38
185
159
110
172
179
92
83
183
48
82
49
1
100
19
84
32
87
157
69
188
178
119
5
140
78
111
88
141
35
175
42
27
114
169
145
62
63
105
103
90
168
57
60
130
11
197
190
6
2
123
9
117
143
163
142
56
61
25
147
30
184
50
97
192
46
64
34
109
199
3
72
77
7
51
99
113
164
150
12
196
174
65
23
177
80
85
134
195
18
41
20
151
129
29
187
128
122
4
67
47
131
156
94
162
91
146
108
16
116
181
76
39
40
96
158
86
106
43
120
139
189
118
132
81
79
149
93
59
33
137
55
107
0
26
153
136
24
71
152
191
121
102
160
37
45
112
171
17
104
31
173
95
161
14
44
124
28
54
13
22
193
10
73
70
21
