22
102
164
186
115
179
116
43
95
11
180
169
131
173
79
41
96
142
105
71
10
184
82
34
5
120
55
133
158
68
166
51
75
145
121
151
14
36
40
174
62
170
175
99
124
138
172
100
150
35
84
176
60
146
29
112
141
190
27
117
189
149
107
0
148
122
26
129
193
50
89
7
33
139
70
132
1
118
23
54
103
19
97
47
6
37
90
18
111
66
21
171
134
195
161
78
165
76
56
197
154
86
93
65
123
42
46
187
25
152
87
12
114
194
167
125
163
81
128
192
196
48
136
109
119
53
127
69
72
17
45
85
185
77
44
159
61
92
9
8
88
13
178
32
104
94
80
147
183
157
156
4
144
58
24
49
181
106
108
31
63
28
3
20
162
110
126
67
137
153
155
198
143
199
191
140
52
91
168
98
83
38
74
64
160
101
2
39
16
59
