107
24
158
187
92
167
132
51
11
70
64
145
53
170
127
19
160
146
188
76
59
60
41
22
77
124
13
47
117
113
62
54
65
96
8
37
191
159
176
172
0
168
103
151
189
36
90
79
139
155
101
61
130
18
192
108
135
157
94
95
178
162
197
5
4
35
152
98
38
161
66
57
198
84
137
183
12
43
177
166
23
67
114
25
29
164
52
105
116
142
126
31
71
21
111
58
140
123
100
128
44
50
73
156
9
138
83
181
1
144
119
182
80
169
69
45
153
97
109
165
10
68
125
148
39
89
194
171
149
34
185
16
72
129
7
193
184
122
163
78
63
134
88
15
195
174
14
106
26
196
133
56
42
27
93
28
175
40
120
32
143
173
2
118
112
154
81
3
30
82
115
