194
23
188
98
7
10
177
93
32
164
9
42
69
156
142
49
107
11
33
115
15
146
90
185
195
5
35
91
65
82
152
112
59
67
149
143
73
99
38
111
135
167
159
72
175
24
100
155
154
4
113
163
187
139
178
104
186
124
173
122
83
57
27
196
60
58
118
198
140
153
47
22
44
14
192
127
43
50
3
130
53
171
116
46
168
81
71
103
17
148
66
147
56
120
145
45
29
176
92
85
89
84
137
28
150
121
41
8
158
191
131
141
31
126
76
39
190
78
102
110
132
193
133
94
180
75
19
51
68
166
108
95
101
37
26
125
80
129
105
109
114
161
48
87
63
79
144
6
138
55
123
119
174
199
157
25
2
179
30
197
172
16
162
189
181
1
88
182
34
96
77
40
160
52
151
