89
120
72
199
131
127
176
62
35
26
177
100
135
123
116
95
101
83
79
25
56
147
58
36
52
87
169
156
136
81
187
179
66
115
172
165
159
173
9
189
96
30
153
108
107
188
104
73
106
141
155
112
4
23
7
64
174
86
8
3
13
192
14
20
76
61
90
158
193
39
47
29
144
171
148
111
49
60
94
10
110
84
183
77
6
196
122
42
1
91
137
63
15
17
37
55
170
142
2
184
178
51
34
88
68
182
85
113
166
133
33
143
194
0
50
130
24
28
44
118
175
140
124
146
198
75
80
99
117
82
191
151
43
139
164
46
138
149
48
22
168
160
41
40
45
16
57
128
31
161
74
129
59
134
109
162
38
98
180
19
93
102
12
197
53
167
97
181
145
126
