118
127
191
105
52
119
29
197
18
110
173
141
192
51
178
142
32
78
161
22
108
65
46
7
76
180
97
155
148
47
150
165
36
109
106
55
175
130
49
103
179
31
174
133
188
98
153
101
182
45
183
186
145
136
126
77
38
79
146
159
185
71
137
10
30
73
184
158
149
116
196
131
164
93
125
132
140
9
13
160
27
56
4
60
81
177
199
42
35
80
63
151
3
19
72
33
193
92
99
122
115
43
96
104
168
25
147
14
34
172
194
6
86
69
134
143
176
87
154
82
112
83
198
28
111
50
61
138
181
171
70
91
62
68
187
21
85
121
15
167
190
17
162
44
157
139
