9
67
3
20
112
56
116
158
16
52
29
0
166
138
148
190
184
90
146
34
162
189
51
131
120
93
44
5
169
133
125
54
28
187
172
49
121
85
152
1
22
171
36
65
137
23
139
87
192
114
109
8
156
147
83
101
157
180
105
199
14
18
111
99
80
45
110
113
181
12
17
174
107
132
151
193
13
86
118
15
100
57
108
61
102
195
7
26
144
62
72
32
6
141
39
98
94
43
46
134
68
60
178
188
123
40
79
81
42
75
197
104
170
183
117
92
95
135
74
88
103
33
194
129
115
10
96
126
38
70
140
106
196
89
177
24
160
182
31
145
149
71
35
59
198
84
4
167
73
27
185
64
173
165
55
21
150
78
82
186
63
30
47
