37
33
15
106
2
77
80
184
87
112
42
88
167
121
58
189
187
34
199
159
54
73
24
169
30
162
84
94
36
43
76
140
62
147
35
44
90
57
64
0
116
137
146
176
111
92
99
191
130
38
71
1
45
138
19
86
156
25
39
83
7
75
103
143
131
198
185
183
70
171
23
114
195
173
118
127
136
122
101
177
67
89
151
100
13
32
123
10
11
16
46
194
180
40
174
175
115
126
149
190
178
41
47
102
98
168
160
9
108
117
155
135
4
186
154
107
31
48
21
65
132
179
78
157
128
97
68
165
133
28
29
193
144
110
170
61
91
85
161
141
192
56
26
53
50
60
150
172
6
134
166
49
17
181
52
20
164
5
153
197
74
158
3
72
120
82
59
14
119
188
104
63
12
