184
181
103
15
123
74
40
48
183
176
161
45
0
150
83
131
164
144
147
97
148
99
174
42
70
76
122
92
47
13
130
134
6
55
62
112
141
34
36
179
199
111
69
43
182
198
154
59
12
52
8
75
140
104
94
93
66
113
189
188
125
102
44
109
192
170
73
3
2
169
81
173
29
19
121
80
95
120
38
172
100
178
114
20
153
116
118
18
7
110
175
163
35
177
58
115
156
5
17
166
101
143
77
16
197
168
60
196
106
138
33
162
72
180
21
137
63
129
10
82
195
46
105
158
39
86
22
84
67
24
65
167
87
151
171
160
185
32
145
41
53
124
49
191
11
50
142
28
25
27
98
96
127
159
193
79
133
23
