20
117
155
102
55
124
153
151
196
82
52
87
88
182
193
131
148
58
142
9
147
114
67
120
180
57
146
80
140
152
132
156
33
185
50
105
126
84
15
198
92
164
133
29
86
23
162
139
197
43
8
81
192
157
18
75
73
177
62
178
129
159
76
35
125
103
165
89
64
128
97
168
100
93
77
36
34
186
109
51
10
12
1
144
127
68
130
104
45
166
54
65
119
44
184
116
14
24
25
6
21
191
176
11
169
66
172
30
137
41
138
79
149
145
47
99
136
190
161
170
19
108
195
189
167
106
38
0
194
72
179
94
150
60
4
141
101
123
85
107
115
53
171
42
78
95
22
113
13
69
96
74
17
175
16
40
61
199
