102
63
126
149
25
134
61
123
7
97
183
167
78
55
199
8
142
14
38
86
51
175
157
16
101
124
151
62
33
179
11
45
170
1
117
69
47
76
40
112
166
186
22
28
32
184
169
161
198
20
9
17
107
37
54
23
85
156
18
119
94
122
128
189
35
21
158
96
79
58
100
154
150
136
139
103
52
174
43
177
90
4
193
140
153
138
155
133
171
111
19
143
148
42
129
190
185
2
135
65
108
48
152
132
57
41
164
80
92
131
145
93
87
3
36
6
56
13
77
66
39
137
26
191
130
178
182
91
10
30
59
106
163
105
53
144
12
81
121
27
75
71
70
99
125
127
67
165
146
83
159
194
29
110
168
44
84
60
141
104
109
