94
72
172
19
90
48
0
107
169
115
156
58
171
110
145
51
2
46
147
47
125
122
5
55
23
69
65
154
159
105
33
140
161
45
196
32
24
75
44
182
92
7
117
163
67
189
101
18
76
152
79
38
184
66
136
8
150
112
52
129
173
162
127
142
157
148
93
14
118
170
195
132
160
137
186
11
100
108
102
187
59
124
126
131
68
26
197
106
146
166
185
41
40
78
63
56
183
36
43
97
95
21
27
50
39
191
175
83
133
174
91
80
123
188
71
70
73
111
31
62
85
22
53
28
158
180
6
176
1
82
4
57
194
10
25
3
143
116
139
138
30
167
103
35
168
89
88
74
84
120
81
96
151
153
61
