158
154
6
173
180
136
182
63
80
176
66
141
60
118
116
105
77
28
184
42
5
96
41
193
191
139
198
46
68
0
170
117
93
140
36
67
108
69
163
159
195
146
103
192
160
48
30
54
147
104
177
10
190
4
112
156
29
126
11
166
131
149
47
65
59
72
109
51
151
45
162
161
133
12
130
111
148
37
33
9
15
186
23
76
183
89
83
114
64
61
62
144
155
14
138
32
3
106
185
8
95
7
164
58
71
27
107
90
39
165
119
40
91
179
145
168
81
187
174
169
196
17
157
188
50
171
88
16
56
13
31
78
82
44
120
129
55
178
49
128
167
124
94
189
19
99
121
97
152
74
125
87
1
150
101
26
100
53
