147
184
4
112
156
29
126
11
166
28
77
131
149
47
65
59
72
51
151
45
162
161
194
6
154
158
53
100
26
101
150
1
87
125
74
152
97
121
99
19
189
124
167
111
33
37
49
178
55
129
120
44
82
78
31
13
56
16
88
171
50
188
157
17
196
169
174
187
81
168
145
179
91
40
119
165
39
90
107
27
71
58
164
7
95
8
185
106
3
32
138
14
155
144
61
62
9
64
114
83
89
183
143
170
0
153
76
23
186
15
148
12
130
94
182
136
180
173
133
80
176
66
141
60
46
198
139
110
142
159
199
69
163
36
140
67
108
18
20
22
146
103
195
193
41
115
116
105
96
5
42
192
160
48
54
30
10
190
177
104
