96
41
193
159
199
18
69
108
67
140
36
163
110
191
139
198
46
115
118
60
141
66
176
80
133
173
180
136
182
94
130
12
148
15
186
23
76
153
0
170
143
183
89
83
114
64
9
62
61
144
155
14
138
32
3
106
185
8
95
7
164
58
71
27
107
90
39
165
119
40
91
179
145
168
81
187
174
169
196
17
157
188
50
171
88
16
56
13
31
78
82
44
120
129
55
178
49
37
33
111
167
124
189
19
99
121
97
152
74
125
87
1
150
101
26
100
53
158
154
6
194
161
162
45
151
51
72
59
116
105
65
47
149
131
166
11
126
29
156
112
4
190
10
177
104
147
54
30
48
160
103
146
181
192
184
28
77
43
42
5
