193
159
163
69
108
67
36
140
93
117
170
0
68
46
198
115
96
5
42
43
105
116
118
60
141
66
176
80
133
173
180
136
182
94
130
12
148
15
186
23
76
183
89
83
114
64
9
62
61
144
155
14
138
32
3
106
185
8
95
7
164
58
71
27
107
90
39
165
119
40
91
179
145
168
81
187
174
169
196
17
157
188
50
171
88
16
56
13
31
78
82
44
120
129
55
178
49
37
33
111
167
124
189
19
99
121
97
152
74
125
87
1
150
101
26
100
53
158
154
6
194
161
162
45
151
51
72
59
65
47
77
149
131
166
28
184
11
35
126
29
156
112
4
190
10
177
104
147
54
30
48
160
192
181
103
146
195
41
