6
173
180
136
182
63
12
130
111
148
37
33
9
15
186
23
76
183
89
83
114
64
61
62
144
155
14
138
32
3
106
185
8
95
7
164
58
71
27
107
90
39
165
119
40
91
179
145
168
81
187
174
169
196
17
157
188
50
171
88
16
56
13
31
78
82
44
120
129
55
178
49
128
167
124
94
189
19
99
121
97
152
74
125
87
1
150
101
26
100
53
158
154
70
127
123
24
131
149
166
11
126
29
156
112
4
190
10
177
104
147
54
30
48
160
192
103
146
195
159
163
69
108
67
36
140
93
117
170
0
68
46
198
139
191
193
41
96
5
42
184
28
77
47
65
105
116
59
118
60
141
66
51
72
162
161
194
