180
173
6
154
158
53
100
26
101
150
1
87
125
74
152
97
121
99
19
189
94
124
167
128
49
178
55
129
120
44
82
78
31
13
56
16
88
171
50
188
157
17
196
169
174
187
81
168
145
179
91
40
119
165
39
90
107
27
71
58
164
7
95
8
185
106
3
32
138
14
155
144
62
61
64
114
83
89
183
76
23
186
15
9
33
37
148
111
130
12
133
161
162
45
151
51
109
72
59
65
47
149
131
166
11
126
29
156
112
4
190
10
177
104
147
54
30
48
160
192
103
146
195
159
163
69
108
67
36
140
93
117
170
0
68
46
198
139
191
193
41
96
5
42
184
28
77
105
116
118
60
141
66
176
80
63
182
136
