74
125
87
55
52
178
3
32
49
128
167
111
33
37
148
15
186
23
76
183
89
83
114
64
62
9
61
144
155
14
138
8
95
7
164
58
71
27
107
90
39
165
119
40
185
91
179
145
168
81
187
174
169
196
17
157
188
50
171
88
16
56
13
31
78
82
44
120
150
101
1
100
26
121
53
158
154
6
173
180
161
162
51
109
72
59
65
47
149
131
166
11
126
29
156
112
4
190
10
177
104
147
54
30
48
160
192
103
146
195
159
163
69
108
67
36
140
93
117
170
0
68
46
198
139
191
193
41
96
5
42
184
28
77
105
116
118
60
141
66
176
63
136
182
99
189
94
130
12
124
19
152
