6
188
65
169
132
13
126
195
145
15
3
161
70
84
155
189
167
184
53
152
170
34
55
174
183
9
199
140
4
149
101
28
59
20
23
60
148
47
154
94
66
57
172
52
179
22
130
95
181
83
18
62
124
128
110
86
176
180
88
194
166
48
76
75
137
114
127
165
89
103
26
163
129
143
159
119
153
186
97
77
58
82
87
8
104
56
144
68
111
50
14
41
37
35
109
0
12
29
39
160
33
49
138
182
11
139
2
85
74
118
98
51
116
121
19
112
158
25
171
123
177
91
79
61
7
5
45
142
78
175
162
46
80
190
105
136
73
164
193
31
54
151
117
198
30
42
156
24
1
197
16
27
38
102
32
96
63
100
17
44
133
10
178
191
90
125
120
67
71
147
192
150
