98
51
125
90
191
120
67
71
178
10
133
44
17
100
63
96
32
102
38
27
16
197
1
24
156
42
30
198
117
151
54
31
193
164
73
136
105
190
80
46
162
175
78
142
45
5
7
61
79
91
141
97
77
58
82
50
14
143
159
119
186
153
165
163
89
127
103
26
180
176
88
113
114
137
75
76
194
166
52
179
172
57
66
94
154
47
148
60
23
20
59
28
101
149
4
199
140
183
174
95
130
22
185
86
110
128
124
62
18
55
34
170
152
53
184
167
189
155
84
3
70
161
15
145
13
126
132
169
65
188
6
150
192
85
2
139
182
138
11
49
33
160
39
12
29
109
0
35
37
41
111
68
8
56
104
157
171
87
21
177
123
25
158
112
19
121
116
