44
17
100
63
102
38
27
16
197
1
24
156
42
196
190
80
46
162
142
175
78
5
45
136
105
193
117
30
198
151
54
31
164
73
19
112
121
116
158
25
123
177
171
157
104
56
8
68
144
138
182
139
11
49
33
160
39
29
12
0
109
35
37
111
41
159
143
124
106
119
81
14
50
58
82
87
21
61
79
91
141
77
97
153
186
129
176
180
88
194
113
26
103
163
89
165
127
114
137
75
76
48
166
52
172
179
185
95
130
22
57
66
94
154
47
148
60
23
20
59
28
101
149
4
140
199
9
183
174
181
110
128
62
18
55
34
170
152
53
184
167
189
155
84
70
161
3
15
145
195
126
13
132
169
65
188
6
150
192
85
2
74
118
98
51
120
67
71
191
125
90
178
10
133
