167
15
145
195
126
13
132
161
70
3
84
155
184
53
152
170
34
55
174
183
140
199
4
149
101
28
59
20
23
60
148
47
154
94
66
57
172
52
179
22
130
95
181
83
18
62
128
110
86
176
180
88
194
166
48
76
75
137
114
26
103
163
89
127
165
153
186
129
106
124
143
159
119
81
14
50
58
77
97
141
91
79
61
7
142
78
175
46
162
45
5
177
123
25
158
98
51
116
121
112
19
151
136
80
190
105
73
164
54
31
193
117
198
30
42
156
24
1
197
16
27
38
102
32
96
63
100
17
44
133
10
178
191
90
125
120
67
71
147
192
150
6
188
65
169
134
85
2
139
11
49
33
182
138
160
144
56
104
157
171
87
82
8
68
111
41
37
35
0
12
39
29
109
69
189
