165
163
129
106
124
143
159
119
153
186
97
77
58
82
87
91
79
61
7
5
45
142
78
175
162
46
80
190
105
136
73
164
31
193
54
151
117
198
30
42
156
24
1
197
16
27
38
102
32
96
63
100
17
44
133
10
178
90
125
191
71
67
120
51
98
116
121
19
112
158
25
123
177
171
157
138
182
2
85
192
150
6
188
65
169
132
161
70
3
15
145
13
126
195
168
139
11
49
33
160
144
56
104
8
68
111
50
14
41
37
12
39
29
0
35
109
69
189
167
155
184
53
152
170
34
55
18
62
83
174
183
140
199
4
149
101
28
59
20
23
60
148
47
154
94
66
57
172
52
179
22
130
95
181
128
110
86
166
194
76
75
137
114
113
88
176
180
26
103
89
127
