151
19
112
121
131
125
90
191
71
67
120
51
98
118
74
85
2
139
11
182
138
49
33
160
39
29
12
0
109
35
143
159
119
41
14
50
58
87
82
68
8
56
104
157
171
25
123
177
5
45
142
175
78
7
61
79
91
141
77
97
153
186
163
26
103
89
165
127
114
137
75
76
48
166
194
88
180
176
64
124
128
110
86
95
130
22
179
52
172
57
66
94
154
47
148
60
23
20
59
28
101
149
4
199
140
183
174
83
62
18
55
34
170
152
53
184
167
189
155
84
70
161
3
15
145
195
126
13
132
169
65
188
6
150
192
147
115
178
10
133
44
17
100
63
96
32
102
38
27
16
197
1
24
156
42
196
190
80
46
162
105
136
73
164
31
54
193
117
30
198
