195
126
13
132
169
65
188
6
150
192
147
71
67
120
51
98
116
121
112
19
151
131
125
90
191
178
10
133
44
17
100
63
96
32
102
38
27
16
197
1
24
156
42
196
80
190
105
193
30
198
117
54
31
164
73
136
162
46
175
78
142
45
5
7
61
79
91
58
77
97
153
186
163
26
103
89
165
127
114
137
75
76
48
166
194
88
180
176
86
110
128
124
62
18
83
181
95
130
22
179
52
172
57
66
94
154
47
148
60
23
20
59
28
101
149
4
199
140
183
174
55
34
170
152
53
184
155
84
70
161
3
15
145
189
167
69
109
29
39
12
0
35
143
159
119
81
14
41
111
68
8
56
104
157
171
82
87
21
177
123
25
182
138
33
160
49
11
139
2
85
134
43
168
