177
171
157
104
56
8
68
144
160
33
49
29
39
12
0
109
35
37
111
41
14
50
58
82
87
21
61
79
91
141
77
97
186
153
119
129
163
26
103
89
165
127
114
137
75
76
48
52
172
57
179
166
194
88
180
176
106
159
143
124
62
128
110
86
185
22
130
95
9
66
94
154
47
148
60
23
20
59
28
101
149
4
199
140
183
174
55
34
170
152
53
184
167
189
155
84
70
161
3
15
145
13
132
65
188
169
126
195
168
139
11
138
182
2
85
6
150
192
147
71
67
120
51
125
90
191
178
10
133
44
17
100
63
96
32
102
38
27
16
197
1
24
156
42
30
198
117
151
54
31
193
164
73
136
105
190
80
46
162
175
78
142
45
173
19
112
121
116
158
25
123
5
7
