66
57
172
52
179
22
130
95
181
83
18
62
128
110
86
176
180
88
194
166
48
76
75
137
114
26
103
89
127
165
163
129
106
124
143
159
119
153
186
97
77
58
50
14
41
111
68
8
82
87
91
79
61
7
5
45
142
78
175
162
46
80
190
105
136
73
164
54
31
193
117
198
30
42
156
24
1
197
16
27
38
102
32
96
63
100
17
44
133
10
178
90
125
191
71
67
120
51
98
116
121
112
19
151
173
25
123
177
171
157
104
56
144
160
39
12
0
35
109
29
49
33
138
182
11
139
2
85
192
150
6
188
65
169
132
126
13
145
15
161
70
3
84
155
189
167
184
53
152
170
34
55
174
183
140
199
4
149
101
28
59
20
23
60
148
47
154
94
