188
6
150
192
147
71
67
120
51
125
90
191
178
10
133
44
17
100
63
96
32
102
38
27
16
197
1
24
156
42
30
198
117
193
31
164
73
54
151
131
121
116
158
25
112
19
173
136
105
190
80
46
162
175
78
142
45
5
123
177
7
61
79
91
141
97
77
58
87
82
50
14
143
159
119
186
153
165
163
89
127
103
26
114
137
75
76
48
166
194
88
180
176
86
110
128
124
62
18
55
174
183
140
199
9
95
130
22
179
52
172
57
66
94
154
47
148
60
23
20
59
28
101
149
4
53
184
155
167
189
69
29
39
12
0
109
35
37
41
111
68
8
56
104
171
157
182
138
33
160
49
11
139
74
118
98
85
2
43
168
195
126
13
145
15
3
70
161
132
169
65
