91
87
82
8
68
111
41
14
50
58
77
97
186
153
119
159
143
124
106
129
163
165
127
89
103
26
114
137
75
76
48
166
194
88
180
176
86
110
128
62
18
83
181
95
130
22
179
52
172
57
66
94
154
47
148
60
23
20
59
28
101
149
4
199
140
183
174
55
34
170
152
53
184
155
84
3
70
161
132
13
126
195
145
15
189
167
69
109
35
0
12
29
39
160
33
49
11
139
182
138
144
56
104
157
171
177
123
25
158
112
19
121
116
118
74
85
2
43
169
65
188
6
150
192
98
51
120
67
71
191
125
90
178
10
133
44
17
100
63
96
32
102
38
27
16
197
1
24
156
198
117
30
42
196
80
190
105
193
151
54
31
164
73
136
162
46
175
78
142
45
5
7
61
79
