127
114
137
75
76
48
166
52
179
172
57
66
94
154
47
148
60
23
20
59
28
101
149
4
199
140
183
174
95
130
22
185
86
110
128
124
62
18
55
34
170
152
53
184
167
189
155
84
70
161
3
15
145
195
126
13
132
169
65
188
6
150
192
147
71
67
120
125
90
191
178
10
133
44
17
100
63
96
32
102
38
27
16
197
1
24
156
42
196
80
190
105
73
164
54
31
193
117
30
198
151
131
121
112
19
173
136
162
46
175
78
142
45
5
7
61
79
91
141
97
77
81
14
50
58
82
87
171
177
123
25
158
116
51
98
118
74
85
2
139
11
182
138
157
104
56
8
68
144
160
33
49
29
39
12
0
109
35
37
111
41
143
159
119
153
186
163
180
176
88
194
113
26
103
89
165
