157
171
87
82
58
91
79
61
7
177
123
5
45
142
78
175
162
46
80
190
105
136
73
164
193
31
54
151
117
198
30
42
156
24
1
197
16
27
38
102
32
96
63
100
17
44
133
10
178
191
90
125
131
121
112
19
25
158
116
98
118
74
2
182
138
11
139
85
51
120
67
71
147
192
150
6
188
65
169
132
13
126
195
145
15
3
161
70
84
155
189
167
184
53
152
170
34
55
18
62
83
174
183
140
199
4
149
101
28
59
20
23
60
148
47
154
94
66
57
172
52
179
22
130
95
86
110
128
124
143
159
119
176
180
88
194
166
48
76
75
137
114
127
165
89
103
26
163
186
153
97
77
81
14
50
111
41
37
35
109
0
12
39
29
49
33
160
144
68
8
56
104
