53
184
167
189
155
84
70
161
3
15
145
195
126
13
132
169
65
188
6
150
192
147
71
67
120
125
90
191
178
10
133
44
17
100
63
96
32
102
38
27
16
197
1
24
156
42
30
198
117
151
54
193
31
164
73
136
105
190
80
46
162
175
78
142
45
5
7
61
79
91
58
77
97
186
153
81
14
50
111
68
8
56
104
157
171
82
87
21
177
123
25
158
112
19
121
116
51
98
118
74
85
2
182
138
11
49
33
160
39
29
12
0
109
35
37
41
119
159
143
106
124
62
128
110
86
166
194
88
176
180
26
103
163
89
165
127
114
137
75
76
48
52
179
172
57
66
94
154
47
148
60
23
20
59
28
101
149
4
140
199
9
22
185
95
174
55
34
170
152
