198
156
24
1
197
16
38
27
42
196
105
136
190
80
46
162
175
78
142
45
5
7
61
79
91
58
77
97
186
153
81
14
50
111
41
37
35
109
0
12
39
29
69
124
106
143
159
119
129
163
180
176
88
194
113
26
103
89
165
127
114
137
75
76
48
166
86
110
128
181
95
130
22
179
52
172
57
66
94
154
47
148
60
23
20
59
28
101
149
4
199
140
183
174
83
62
18
55
34
170
152
53
184
167
189
155
84
3
70
161
15
145
13
126
132
169
65
188
6
150
192
147
115
178
10
133
44
17
100
63
102
32
135
131
125
90
191
71
67
120
51
98
118
74
85
2
139
11
182
138
49
33
160
144
56
104
8
68
82
87
171
177
123
25
158
116
121
112
19
151
54
73
164
31
193
117
30
