58
77
97
141
91
79
61
7
177
123
5
45
142
78
175
162
46
80
190
105
136
73
164
193
31
54
151
117
198
30
42
156
24
1
197
16
27
38
102
32
96
63
100
17
44
133
10
178
115
147
192
150
71
67
120
191
90
125
131
121
112
19
25
158
116
51
98
118
74
182
138
11
139
2
85
6
188
65
169
132
13
126
195
145
15
3
161
70
84
155
189
167
184
53
152
170
34
55
18
62
83
174
183
140
199
4
149
101
28
59
20
23
60
148
47
154
94
66
57
172
52
179
22
130
95
181
128
110
86
176
180
88
194
166
48
76
75
137
114
26
103
127
89
163
165
186
153
119
106
124
143
159
41
111
37
35
0
109
29
12
39
49
33
160
144
68
8
56
104
157
171
87
82
