30
198
117
193
31
164
73
54
151
19
112
173
136
105
190
80
46
162
175
78
142
45
5
123
177
7
61
79
91
141
97
77
58
50
14
81
186
153
119
159
143
124
106
129
163
180
176
88
194
113
26
103
89
165
127
114
137
75
76
48
166
86
110
128
181
95
130
22
179
52
172
57
66
94
154
47
148
60
23
20
59
28
101
149
4
199
140
183
174
83
62
18
55
34
170
152
53
184
155
84
3
15
70
161
132
13
126
195
145
189
167
69
109
35
0
12
39
29
49
33
160
144
37
41
111
68
82
87
8
56
104
171
157
138
182
25
158
116
121
51
98
118
74
85
2
139
11
43
169
65
188
6
150
192
147
71
67
120
125
90
191
178
10
133
44
17
100
63
102
38
27
16
197
1
24
156
42
