182
139
2
85
74
118
98
116
121
112
19
151
198
30
117
193
54
31
164
73
173
25
171
157
104
56
8
68
111
41
14
81
153
186
97
77
58
82
87
91
79
61
7
177
123
5
45
142
78
175
46
162
136
105
190
80
196
42
156
24
1
197
16
27
38
102
32
96
63
100
17
44
133
10
178
191
90
125
51
120
67
71
147
192
150
6
188
65
169
132
13
126
195
145
15
3
161
70
84
155
184
167
189
69
34
170
152
53
174
183
140
199
4
149
101
28
59
20
23
60
148
47
154
94
66
57
172
179
52
166
48
76
75
137
114
127
165
89
163
103
26
113
194
88
180
176
64
110
86
185
22
130
95
181
55
18
62
128
124
106
119
159
143
35
109
0
12
29
39
160
33
49
11
138
