51
98
118
74
85
2
43
168
195
126
188
65
169
132
13
145
15
3
161
70
84
155
189
167
184
53
152
170
34
55
18
62
83
174
183
140
199
4
149
101
28
59
20
23
60
148
47
154
94
66
57
172
52
179
22
130
95
86
110
128
64
176
180
88
194
166
48
76
75
137
114
26
103
127
89
163
165
153
186
129
106
124
143
159
119
81
14
41
111
68
8
104
56
144
33
160
39
12
0
35
109
29
49
11
139
182
138
157
171
87
82
58
77
97
141
91
79
61
7
78
175
142
46
162
45
5
177
123
25
173
73
164
31
54
151
193
136
105
190
80
196
42
30
117
198
156
24
1
197
16
27
38
102
63
100
17
44
133
10
178
115
147
192
150
71
67
120
191
90
125
131
19
112
121
116
