76
75
137
114
127
165
89
163
103
26
180
176
88
194
166
86
185
22
130
95
110
128
124
106
143
159
119
186
153
97
77
81
14
41
37
35
109
0
12
29
39
111
68
8
58
82
87
91
79
61
7
5
45
142
78
175
162
46
80
190
30
198
117
105
136
73
164
193
31
54
151
19
112
121
116
158
25
123
177
171
157
104
56
144
160
33
49
11
138
182
139
2
85
74
118
98
51
120
67
71
191
90
125
131
1
197
24
156
42
16
27
38
102
63
100
17
44
133
10
178
115
147
192
150
6
188
65
169
132
13
126
195
145
15
3
161
70
84
155
189
167
184
53
152
170
34
55
18
62
83
174
183
140
199
4
149
101
28
59
20
23
60
148
47
154
94
66
57
172
179
52
48
