62
128
124
106
119
159
143
41
111
68
8
104
56
144
160
39
12
0
35
109
29
49
33
138
182
11
139
2
85
134
43
168
195
126
13
132
169
65
188
6
150
192
147
71
67
120
51
125
90
191
178
10
133
44
17
100
63
96
32
102
38
27
16
197
1
24
156
198
117
30
42
196
190
80
46
162
175
78
142
45
5
7
177
123
173
136
105
73
164
193
31
54
151
19
112
121
116
158
25
171
87
82
58
79
61
91
141
97
77
50
14
81
153
186
163
26
103
89
165
127
114
137
75
76
48
166
194
88
180
176
86
110
95
130
22
179
52
172
57
66
94
154
47
148
60
23
20
59
28
101
149
4
199
140
183
174
53
184
155
84
70
161
3
15
145
189
167
69
34
55
18
