119
159
143
124
62
128
110
95
130
22
185
86
166
194
48
52
179
172
57
66
94
154
47
148
60
23
20
59
28
101
149
4
199
140
183
174
55
34
170
152
53
184
155
167
189
69
109
35
0
12
39
29
49
33
160
144
56
104
8
68
82
87
171
177
123
25
182
138
11
139
2
85
134
43
168
195
126
13
145
15
3
70
161
132
169
65
188
6
150
192
147
71
67
120
51
98
116
121
112
19
131
125
90
191
178
10
133
44
17
100
63
96
32
102
38
27
16
197
1
24
156
42
30
198
117
151
54
193
31
164
73
136
105
190
80
46
162
175
78
142
45
5
7
61
79
91
141
97
77
58
50
111
41
14
81
153
186
163
89
165
127
137
114
103
26
113
88
180
176
