59
28
101
149
4
199
140
183
174
181
110
128
124
62
18
55
34
170
152
53
184
167
189
155
84
70
161
3
15
145
195
126
13
132
169
65
188
6
150
192
85
2
139
182
138
11
49
33
160
39
12
29
109
0
35
37
41
14
50
58
87
82
8
68
111
144
56
104
157
171
177
123
25
158
116
98
51
120
67
71
191
125
90
178
10
133
44
17
100
63
102
32
135
131
121
112
19
151
136
105
73
164
54
31
193
117
198
30
156
24
1
197
16
38
27
42
196
190
80
46
162
175
78
142
45
5
7
61
79
91
141
77
97
153
186
119
159
143
129
163
165
127
89
103
26
180
176
88
113
114
137
75
76
194
166
52
172
57
179
185
95
130
22
66
94
154
47
148
60
23
20
