172
57
66
94
154
47
148
60
23
20
59
28
101
149
4
199
140
183
174
55
34
170
152
53
184
167
189
155
84
3
70
161
15
145
195
126
13
132
169
65
188
6
150
192
147
71
67
120
51
85
2
74
118
98
116
158
173
73
164
31
54
151
19
112
121
131
125
90
191
178
10
133
44
17
100
63
96
32
102
38
27
16
197
1
24
156
198
117
193
30
42
196
80
190
105
136
162
46
175
78
142
45
5
7
61
79
91
87
21
177
123
25
171
157
104
56
144
138
182
139
11
49
33
160
39
29
12
0
109
35
37
41
111
68
8
82
58
50
14
81
77
97
186
153
119
159
143
124
106
129
163
165
127
89
103
26
114
137
75
76
48
166
194
88
180
176
86
110
128
62
18
83
181
95
130
22
179
52
