4
199
140
183
174
83
62
18
55
34
170
152
53
184
167
189
155
84
3
70
161
15
145
13
126
132
169
65
188
6
150
192
147
71
67
120
51
85
2
139
11
138
182
74
118
98
116
158
25
123
173
73
164
31
54
151
19
112
121
131
125
90
191
178
10
133
44
17
100
63
102
38
27
16
197
1
24
156
198
117
193
30
42
196
105
136
190
80
46
162
175
78
142
45
5
7
177
171
157
104
56
33
49
160
144
111
68
8
82
87
21
61
79
91
141
97
77
58
50
14
41
37
35
109
0
12
39
29
143
159
119
106
124
128
110
64
176
180
88
194
113
26
186
153
165
163
103
89
127
114
137
75
76
48
166
86
95
130
22
179
52
172
57
66
94
154
47
148
60
23
20
59
28
101
149
