7
5
45
142
78
175
162
46
80
190
196
42
156
24
1
197
16
27
38
102
32
96
63
100
17
44
133
10
178
191
90
125
120
67
71
147
192
150
6
188
65
169
132
13
126
195
145
15
3
161
70
84
155
184
167
189
53
152
170
34
55
18
62
124
128
110
86
185
22
130
95
9
183
174
140
199
4
149
101
28
59
20
23
60
148
47
154
94
66
57
172
179
52
166
194
76
75
137
114
113
88
176
180
26
103
89
127
165
163
129
143
159
119
153
186
97
77
58
82
87
8
68
111
50
14
41
37
35
109
0
12
29
39
49
33
160
144
56
104
171
157
138
182
11
139
2
85
74
118
98
51
116
121
112
19
151
198
30
117
193
54
31
164
73
105
136
173
25
123
177
91
79
61
