100
17
44
133
10
178
191
90
125
51
120
67
71
147
192
150
6
188
65
169
132
13
126
195
145
15
3
161
70
84
155
189
167
184
53
152
170
34
55
174
183
9
199
140
4
149
101
28
59
20
23
60
148
47
154
94
66
57
172
52
179
22
130
95
110
86
176
180
88
194
166
48
76
75
137
114
127
165
89
103
26
163
186
153
97
77
58
82
87
91
79
61
7
177
123
25
171
157
104
56
8
68
111
41
14
81
119
159
143
106
124
128
62
18
69
109
35
0
12
29
39
160
33
49
11
138
182
139
2
85
74
118
98
116
121
112
19
151
198
30
117
193
54
31
164
73
136
45
142
78
175
162
46
80
190
105
196
42
156
24
1
197
16
27
38
102
63
