149
101
28
59
20
23
60
148
47
154
94
66
57
172
52
179
22
130
95
86
166
48
76
75
137
114
127
89
103
163
165
153
186
26
113
194
88
180
176
64
110
128
124
106
119
159
143
29
39
12
0
109
35
37
41
14
50
58
77
97
141
91
79
61
21
87
82
8
68
111
144
160
49
33
56
104
157
171
177
7
5
45
142
78
175
162
46
80
190
136
105
196
42
30
193
117
198
156
24
1
197
16
27
38
102
63
100
17
44
133
10
178
191
90
125
131
121
112
19
151
54
31
164
73
173
123
25
158
116
98
118
74
182
138
11
139
2
85
51
120
67
71
147
192
150
6
188
65
169
132
126
13
145
15
161
70
3
84
155
189
167
184
53
152
170
34
55
18
62
83
174
183
140
199
4
