70
145
15
3
84
155
189
167
184
53
4
149
101
28
59
199
140
183
174
55
18
62
128
124
106
143
159
119
153
186
163
89
103
26
113
194
88
180
176
86
110
95
185
22
148
23
60
47
154
94
66
57
172
179
52
166
48
76
75
137
114
127
165
187
146
97
77
81
14
50
111
41
37
35
109
0
12
29
39
160
33
49
11
139
182
138
157
171
104
56
8
68
82
58
87
91
79
61
7
177
123
5
45
142
78
175
162
46
80
190
105
136
73
164
193
31
54
151
117
198
30
42
156
24
1
197
16
27
38
102
32
96
63
100
17
44
133
10
178
115
147
192
150
71
67
120
191
90
125
131
19
112
121
116
51
98
118
74
85
2
43
168
195
13
126
188
65
169
132
161
