133
10
178
90
125
191
71
67
120
51
98
118
74
2
85
192
150
6
188
65
169
132
13
126
195
145
15
3
161
70
84
155
189
167
184
53
152
170
34
55
18
62
128
110
181
174
183
9
199
140
4
149
101
28
59
20
23
60
148
47
154
94
66
57
22
130
95
185
179
172
52
166
48
76
75
137
114
127
165
89
163
103
26
113
194
88
180
176
129
186
153
97
77
141
91
79
61
21
87
82
58
50
14
81
119
106
124
143
159
41
111
37
35
109
0
12
29
39
160
33
49
11
139
182
138
144
68
8
56
104
157
171
177
123
25
158
116
121
112
19
73
164
31
54
151
198
30
117
193
105
136
45
5
78
175
142
162
46
80
190
196
42
156
24
1
197
16
27
38
102
63
100
17
44
