12
29
39
160
49
33
144
111
68
8
56
104
157
171
87
21
177
123
25
182
138
11
139
2
85
134
43
168
195
126
13
145
15
189
167
184
155
84
3
70
161
132
169
65
188
6
150
192
147
71
67
120
51
98
116
121
112
19
131
125
90
191
178
10
133
44
17
100
63
96
32
102
38
27
16
197
1
24
156
42
30
198
117
151
54
193
31
164
73
136
105
190
80
46
162
175
78
142
45
5
7
61
79
91
141
97
77
58
82
50
14
81
153
186
165
89
127
114
137
75
76
48
166
194
88
176
180
26
103
163
64
110
86
95
185
52
172
179
22
57
66
94
154
47
148
60
23
20
59
28
101
149
4
199
140
183
174
53
152
170
34
55
18
62
128
124
106
143
159
119
41
37
35
109
0
