69
109
29
39
12
0
35
37
41
111
68
8
82
87
171
157
104
56
144
160
138
182
33
49
11
139
2
85
134
169
65
188
6
150
192
147
71
67
120
125
90
191
178
10
133
44
17
100
63
96
32
102
38
27
16
197
1
24
156
42
30
198
117
193
54
31
164
73
105
190
80
136
151
19
112
121
116
51
98
158
25
123
177
5
45
162
46
142
175
78
7
61
79
91
141
97
77
58
50
14
81
119
159
143
124
106
129
186
153
165
127
89
163
103
26
114
137
75
76
48
166
194
88
180
176
86
110
128
62
18
83
181
95
130
22
179
52
172
57
66
94
154
47
148
60
23
20
59
28
101
149
4
199
140
183
174
55
34
170
152
53
184
155
84
3
70
161
132
13
126
195
145
15
167
189
