142
45
46
162
173
19
151
54
31
193
164
73
136
105
190
80
196
42
30
117
198
156
24
1
197
16
27
38
102
32
96
63
100
17
44
133
10
178
90
125
191
71
67
120
51
98
116
121
112
158
118
74
182
138
11
139
2
85
192
150
6
188
65
169
132
13
126
195
145
15
3
161
70
84
155
189
167
184
53
152
170
34
55
18
62
124
128
110
181
174
183
140
199
4
149
101
28
59
20
23
60
148
47
154
94
66
57
172
52
179
22
130
95
86
166
48
76
75
137
114
194
88
176
180
26
103
163
89
127
165
153
186
119
159
143
35
109
0
12
39
29
49
33
160
144
56
104
8
68
111
41
14
50
77
58
82
87
91
79
61
7
177
171
25
123
5
78
175
