140
199
4
149
101
28
59
20
23
60
148
47
154
94
66
57
172
179
52
166
48
76
75
137
114
127
89
165
186
153
81
14
41
111
50
58
77
97
141
91
79
61
21
87
82
68
8
104
56
144
33
160
39
12
0
35
109
29
49
11
138
182
25
171
123
177
7
5
45
142
78
175
162
46
80
190
105
136
73
164
31
193
54
151
117
198
30
42
156
24
1
197
16
27
38
102
32
96
63
100
17
44
133
10
178
71
67
120
191
90
125
131
19
112
121
116
51
98
118
74
2
85
192
150
6
188
65
169
132
13
126
195
145
15
3
161
70
84
155
189
167
184
53
152
170
34
55
18
62
128
124
106
143
159
119
129
163
103
26
113
194
88
180
176
64
110
86
185
22
130
95
174
183
