48
52
179
172
57
66
94
154
47
148
60
23
20
59
28
101
149
4
199
140
183
174
95
130
22
185
86
110
128
124
62
18
55
34
170
152
53
184
167
189
155
84
70
161
3
15
145
13
132
65
188
169
126
195
168
43
134
85
2
139
11
182
138
49
33
160
39
29
12
0
109
35
37
41
111
68
8
56
104
157
171
87
21
177
123
25
158
112
121
116
98
51
125
90
191
71
67
150
192
147
115
178
10
133
44
17
100
63
96
32
102
38
27
16
197
1
24
156
42
30
198
117
193
31
164
73
54
151
19
173
136
105
190
80
46
162
175
78
142
45
5
7
61
79
91
141
97
77
58
82
50
14
81
186
153
119
159
143
129
163
165
127
89
103
26
180
176
88
194
114
137
75
