187
165
89
127
114
137
75
76
48
166
52
172
179
22
57
66
94
154
47
148
60
23
20
59
28
101
149
4
199
140
183
174
55
34
170
152
53
184
155
167
189
3
70
161
15
145
195
126
13
132
169
65
188
6
150
192
147
71
67
120
51
98
116
121
112
19
73
164
54
31
193
117
30
198
151
131
125
90
191
178
10
133
44
17
100
63
96
32
102
38
27
16
197
1
24
156
42
196
80
190
105
136
162
46
175
78
142
45
5
123
177
7
61
79
91
82
87
171
157
138
182
25
158
118
74
85
2
139
11
49
33
160
144
56
104
8
68
111
41
37
12
39
29
0
109
35
143
159
119
106
124
62
128
110
86
176
180
88
194
113
26
103
163
186
153
81
14
50
58
77
97
146
