190
105
196
42
156
24
1
197
16
27
38
102
63
96
32
135
131
151
198
30
117
193
54
31
164
73
136
173
19
112
121
116
118
74
2
85
98
51
120
67
71
191
90
125
122
100
17
44
133
10
178
115
147
192
150
6
188
65
169
132
13
126
195
145
15
3
161
70
84
155
189
167
184
53
152
170
34
55
18
62
124
128
110
86
185
22
130
95
174
183
140
199
4
149
101
28
59
20
23
60
148
47
154
94
66
57
172
179
52
166
194
76
75
137
114
113
88
176
180
26
103
163
89
127
165
153
186
119
159
143
29
39
12
0
109
35
37
111
41
14
81
77
97
141
91
79
61
21
87
58
82
68
8
104
56
144
160
33
49
11
139
182
138
157
171
25
123
177
7
5
45
142
78
175
162
46
80
