67
71
178
10
133
44
17
100
63
96
32
102
38
27
16
197
1
24
156
198
117
30
42
196
190
80
46
162
105
136
73
164
193
31
54
151
173
45
142
175
78
5
7
61
79
91
58
77
97
186
153
119
159
143
124
106
129
163
26
103
89
165
127
114
137
75
76
48
166
194
88
180
176
86
110
128
181
95
130
22
179
52
172
57
66
94
154
47
148
60
23
20
59
28
101
149
4
199
140
183
174
83
62
18
55
34
170
152
53
184
167
189
155
84
70
161
3
15
145
195
126
13
132
169
65
188
6
150
192
85
2
139
11
182
138
49
33
160
39
29
12
0
109
35
37
41
14
50
111
68
82
87
8
56
104
157
171
177
123
25
158
112
19
121
116
98
51
125
90
191
120
