63
102
32
135
131
121
112
19
151
73
164
54
31
193
117
198
30
156
24
1
197
16
38
27
42
196
105
136
190
80
46
162
175
78
142
45
5
7
177
123
171
25
158
116
98
118
74
85
2
182
138
11
49
29
109
35
0
12
39
160
33
144
56
104
8
68
82
87
21
61
79
91
141
97
77
58
50
111
41
14
81
153
186
163
165
127
89
103
26
114
137
75
76
48
166
52
179
172
57
66
94
154
47
60
23
148
22
130
95
86
110
64
176
180
88
194
129
119
159
143
106
124
128
62
18
55
174
183
140
199
59
28
101
149
4
53
184
155
167
189
145
15
3
70
161
13
126
132
169
65
188
6
150
192
147
71
67
120
51
125
90
191
178
10
133
44
17
100
