103
163
89
165
127
114
137
75
76
48
166
86
95
130
22
179
52
172
57
66
94
154
47
148
60
23
20
59
28
101
149
4
199
140
183
174
55
34
170
152
53
184
155
84
3
70
161
132
13
126
195
145
15
189
167
69
109
35
0
12
39
29
49
33
160
144
37
41
111
68
8
56
104
171
157
138
182
25
158
112
19
73
164
54
31
193
117
30
198
151
131
121
116
51
98
118
74
85
2
139
11
43
169
65
188
6
150
192
147
71
67
120
125
90
191
178
10
133
44
17
100
63
96
32
102
38
27
16
197
1
24
156
42
196
80
190
105
136
162
46
175
78
142
45
5
123
177
7
61
79
91
141
97
77
58
87
82
50
14
81
153
186
119
159
143
106
124
62
128
110
64
176
180
88
194
113
26
