118
98
51
116
121
112
19
151
54
31
193
164
73
105
136
173
25
123
177
7
5
45
142
78
175
162
46
80
190
196
42
30
117
198
156
24
1
197
16
27
38
102
32
96
63
100
17
44
133
10
178
191
90
125
120
67
71
147
192
150
6
188
65
169
132
13
126
195
145
15
3
161
70
84
155
189
167
184
53
152
170
34
55
18
62
124
128
110
181
174
183
9
199
140
4
149
101
28
59
20
23
60
148
47
154
94
66
57
22
130
95
185
179
172
52
166
194
76
75
137
114
113
88
176
180
26
103
127
89
163
165
186
153
81
14
50
82
58
77
97
141
91
79
61
21
87
171
157
104
56
8
68
111
41
119
159
143
109
35
0
12
29
39
160
33
49
11
138
182
139
2
85
74
