51
120
67
71
191
125
90
178
10
133
44
17
100
63
96
32
102
38
27
16
197
1
24
156
42
30
198
117
151
54
193
31
164
73
136
105
190
80
46
162
175
78
142
45
5
7
61
79
91
141
97
77
58
82
87
8
68
104
56
144
160
33
49
29
39
12
0
109
35
37
41
143
159
119
153
186
163
89
165
127
103
26
114
137
75
76
48
166
194
88
180
176
86
110
128
124
62
18
55
181
95
130
22
179
52
172
57
66
94
154
47
148
60
23
20
59
28
101
149
4
199
140
183
174
53
184
167
189
155
84
70
161
3
15
145
195
126
13
132
169
65
188
6
150
192
85
2
139
11
182
138
157
171
177
123
25
158
112
19
121
116
98
