124
62
18
55
174
95
130
22
179
52
172
57
66
94
154
47
148
60
23
20
59
28
101
149
4
199
9
183
140
53
184
167
189
155
84
3
70
161
15
145
195
126
13
132
169
65
188
6
150
192
85
2
74
25
158
112
121
116
98
51
120
67
71
191
125
90
178
10
133
44
17
100
63
102
38
27
16
197
1
24
156
42
30
198
117
193
31
164
73
54
151
19
173
136
105
190
80
46
162
175
78
142
45
5
123
177
7
61
79
91
87
82
68
8
56
104
171
157
138
182
139
11
49
33
160
39
29
12
0
109
35
37
111
41
14
50
58
77
97
153
186
119
159
143
129
163
26
103
89
165
127
114
137
75
76
48
166
194
88
180
176
86
110
128
