48
52
179
172
57
66
94
154
47
148
60
23
20
59
28
101
149
4
199
140
183
174
83
62
18
55
34
170
152
53
184
167
189
155
84
70
161
3
15
145
195
126
13
132
169
65
188
6
150
192
147
115
178
10
133
44
17
100
63
102
38
27
16
42
156
24
197
1
131
125
90
191
71
67
120
51
98
118
74
85
2
139
182
138
11
49
33
160
144
56
104
157
171
177
123
25
158
116
121
112
19
151
54
31
193
164
73
136
105
117
198
30
190
80
46
162
175
78
142
45
5
7
61
79
91
87
82
58
8
68
111
39
29
12
0
109
35
37
41
14
81
77
97
153
186
119
159
143
106
124
128
110
95
130
22
185
86
166
194
88
176
180
26
103
163
89
165
127
114
137
75
76
