109
12
29
39
160
33
49
11
139
182
138
144
56
104
157
171
177
7
5
45
142
78
175
46
162
136
173
123
25
158
116
121
112
19
151
198
30
117
193
54
31
164
73
105
190
80
196
42
156
24
1
197
16
27
38
102
63
100
17
44
133
10
178
191
90
125
51
120
67
71
147
192
150
6
188
65
169
132
13
126
195
145
15
3
161
70
84
155
184
167
189
53
152
170
34
55
18
62
128
124
110
95
185
22
9
183
174
140
199
4
149
101
28
59
20
23
60
148
47
154
94
66
57
172
179
52
166
88
176
180
194
76
75
137
114
127
165
89
103
26
163
186
153
119
159
143
14
50
58
77
97
141
91
79
61
21
87
82
8
68
111
41
37
35
0
