123
25
158
116
121
112
19
173
45
142
78
175
162
46
80
190
105
136
73
164
193
31
54
151
117
198
30
42
156
24
1
197
16
27
38
102
32
96
63
100
17
44
133
10
178
191
90
125
51
120
67
71
147
192
150
6
85
2
182
138
11
139
168
195
126
169
188
65
132
13
145
15
3
161
70
84
155
189
167
184
53
152
170
34
55
174
183
140
199
4
149
101
28
59
20
23
60
148
47
154
94
66
9
95
130
22
185
86
110
128
62
124
143
159
106
176
180
88
194
166
179
57
172
52
48
76
75
137
114
127
165
89
103
26
163
129
119
153
186
97
77
141
91
79
61
21
87
82
58
50
14
41
111
37
35
109
0
12
39
29
49
33
160
144
68
8
56
104
157
171
177
7
5
