85
139
11
138
182
2
74
118
98
116
121
112
19
131
125
51
120
67
71
191
90
178
10
133
44
17
100
63
96
32
102
38
27
16
197
1
24
156
42
30
198
117
151
54
193
31
164
73
136
105
190
80
46
162
175
78
142
45
5
7
177
123
25
171
157
104
56
144
160
33
49
29
39
12
0
109
35
37
159
143
124
106
119
41
111
68
8
58
82
87
21
61
79
91
141
77
97
153
186
163
26
103
89
165
127
114
137
75
76
48
166
194
88
180
176
64
128
110
86
95
130
22
179
52
172
57
66
94
154
47
148
60
23
20
59
28
101
149
4
140
199
9
183
174
83
62
18
55
34
170
152
53
184
167
189
155
84
3
70
161
15
145
13
126
132
169
65
188
6
150
192
