126
13
132
161
70
3
84
155
184
53
152
170
34
55
18
62
83
174
183
140
199
4
149
101
28
59
20
23
60
148
47
154
94
66
57
172
52
179
22
130
95
86
110
128
64
176
180
88
194
166
48
76
75
137
114
26
103
127
89
163
165
153
186
129
106
124
143
159
119
81
14
50
82
87
58
77
97
141
91
79
61
7
5
45
142
78
175
46
162
136
105
190
80
196
42
156
24
1
197
16
27
38
102
32
96
63
100
17
44
133
10
178
115
147
192
150
6
188
65
169
43
2
85
74
118
98
51
120
67
191
90
125
131
121
112
19
151
198
30
117
193
54
31
164
73
173
25
123
177
171
157
138
182
139
11
49
33
160
144
56
104
8
68
111
41
37
35
109
0
12
39
29
69
167
189
15
145
195
