5
123
177
171
87
82
68
8
104
56
144
160
33
49
11
138
182
25
158
121
116
118
74
2
85
98
51
120
67
71
191
90
125
122
32
135
131
112
19
151
54
31
193
164
73
136
105
190
80
196
42
30
117
198
156
24
1
197
16
27
38
102
63
100
17
44
133
10
178
115
147
192
150
6
188
65
169
132
13
126
195
145
15
3
161
70
84
155
184
53
174
183
140
199
4
149
101
28
59
20
23
60
148
47
154
94
66
57
172
52
179
22
130
95
181
62
18
55
34
167
189
69
29
39
12
0
109
35
37
111
41
119
159
143
106
124
128
110
86
64
163
89
103
26
180
176
88
194
166
48
76
75
137
114
127
165
186
153
81
14
50
58
77
97
141
91
79
61
7
78
175
142
46
162
45
