22
148
23
60
47
154
94
66
57
172
179
52
166
194
76
75
137
114
113
88
176
180
26
103
163
89
127
165
153
186
119
159
143
41
111
37
35
109
0
12
29
39
160
33
49
138
182
11
139
2
85
74
118
98
51
116
121
19
112
158
25
123
177
171
157
104
56
8
68
82
87
58
50
14
81
77
97
141
91
79
61
7
5
45
142
78
175
162
46
80
190
105
136
73
164
193
31
54
151
117
198
30
42
156
24
1
197
16
27
38
102
32
96
63
100
17
44
133
10
178
191
90
125
120
67
71
147
192
150
6
188
65
169
132
13
126
195
145
15
3
161
70
84
155
184
167
189
69
34
170
152
53
4
149
101
28
59
199
140
183
174
55
18
62
124
128
110
95
130
