47
154
94
66
57
172
52
179
22
130
95
181
83
18
62
124
128
110
86
176
180
88
194
166
48
76
75
137
114
26
103
127
89
163
165
153
186
119
159
143
41
111
37
35
109
0
12
29
39
160
33
49
11
139
182
138
157
171
104
56
8
68
82
87
58
50
14
81
77
97
141
91
79
61
7
177
5
45
142
78
175
162
46
80
190
105
196
42
156
24
198
30
117
151
54
31
193
164
73
136
173
123
25
74
2
85
98
116
121
112
19
131
1
197
16
27
38
102
32
96
63
100
17
44
133
10
178
191
90
125
51
120
67
71
147
192
150
6
188
65
169
132
13
126
195
145
15
161
70
3
84
155
189
167
184
53
152
170
34
55
174
183
140
199
4
149
101
28
59
20
23
60
148
