197
16
38
27
156
42
196
190
80
46
162
175
78
142
45
5
7
177
123
25
171
157
104
56
8
68
144
138
182
139
11
49
33
160
39
29
12
0
109
35
37
111
41
143
159
119
186
153
81
14
50
58
82
87
21
61
79
91
141
77
97
146
187
165
137
114
127
89
163
103
26
180
176
88
194
166
52
179
172
57
66
94
154
47
148
60
23
20
59
28
101
149
4
199
140
183
174
95
130
22
185
86
110
128
124
62
18
55
34
170
152
53
184
167
189
155
84
70
161
3
15
145
195
126
13
132
169
65
188
6
150
192
147
115
178
10
133
44
17
100
63
102
32
135
131
125
90
191
71
67
120
51
98
85
2
74
118
116
121
112
19
173
136
105
73
164
193
31
54
151
117
30
198
24
1
