164
73
105
136
173
123
25
158
116
121
112
19
131
24
1
197
16
27
38
102
32
96
63
100
17
44
133
10
178
191
90
125
51
120
67
71
147
192
150
6
188
65
169
132
13
126
195
145
15
3
161
70
84
155
189
167
184
53
152
170
34
55
18
62
124
128
110
86
185
22
130
95
174
183
140
199
4
149
101
28
59
20
23
60
148
47
154
94
66
57
172
179
52
166
194
76
75
137
114
113
88
176
180
26
103
127
89
163
165
153
186
119
159
143
41
111
37
35
109
0
12
29
39
160
33
49
11
139
182
138
157
171
104
56
8
68
82
87
58
50
14
81
77
97
141
91
79
61
7
177
5
45
142
78
175
162
46
80
190
196
42
156
30
198
117
151
54
193
31
