63
100
17
44
133
10
178
90
191
71
67
120
51
125
131
19
112
121
116
98
118
25
123
177
171
157
104
56
8
87
82
68
111
50
14
41
37
35
109
0
12
29
39
160
33
49
138
182
11
139
2
85
192
150
6
188
65
169
132
13
126
195
145
15
3
161
70
84
155
189
167
184
53
152
170
34
55
18
62
124
128
110
86
185
22
130
95
174
183
140
199
4
149
101
28
59
20
23
60
148
47
154
94
66
57
172
179
52
166
48
76
75
137
114
127
165
89
163
103
26
113
194
88
176
180
106
143
159
119
153
186
97
77
58
91
79
61
7
5
45
142
78
175
46
162
136
73
164
31
54
151
193
105
190
80
196
42
30
117
198
156
24
1
197
16
27
38
102
