101
149
4
199
140
183
174
55
34
170
152
53
184
167
189
155
84
3
70
161
15
145
13
126
132
169
65
188
6
150
192
147
71
67
120
125
90
191
178
10
133
44
17
100
63
96
32
102
38
27
16
197
1
24
151
73
164
54
31
193
117
198
30
156
42
196
105
190
80
46
162
175
78
142
45
5
7
61
79
91
141
97
77
81
14
41
111
68
8
82
58
87
56
104
157
171
177
123
25
158
112
19
121
116
51
98
118
74
85
2
138
182
139
11
49
33
160
39
29
12
0
109
35
143
159
119
186
153
165
163
89
127
103
26
114
137
75
76
48
166
194
88
180
176
86
110
128
124
62
18
83
181
95
130
22
179
52
172
57
66
94
154
47
148
60
23
20
59
28
