55
34
69
167
189
145
15
3
161
70
84
155
184
53
174
183
140
199
4
149
101
28
59
20
23
60
148
47
154
94
66
57
172
52
179
22
130
95
110
86
176
180
88
194
166
48
76
75
137
114
127
165
89
103
26
163
186
153
81
14
50
77
97
141
91
61
79
58
82
87
171
25
158
116
121
112
19
151
54
31
193
164
73
105
136
173
123
177
7
5
45
142
78
175
162
46
80
190
196
42
30
117
198
156
24
1
197
16
27
38
102
32
96
63
100
17
44
133
10
178
191
90
125
51
120
67
71
147
192
150
6
188
65
169
132
13
126
195
168
43
134
85
2
139
11
182
138
33
49
29
109
35
0
12
39
160
144
56
104
8
68
111
41
143
159
119
106
124
128
62
18
