24
197
1
198
30
117
151
54
193
31
164
73
136
105
190
80
46
162
175
78
142
45
5
7
177
123
25
171
157
104
56
144
160
33
49
29
39
12
0
109
35
37
41
14
50
111
68
8
82
87
21
61
79
91
58
77
97
153
186
163
165
127
89
103
26
180
176
88
113
114
137
75
76
194
166
52
179
172
57
66
94
154
47
148
60
23
20
59
28
101
149
4
199
140
183
174
95
130
22
185
86
110
128
124
106
119
159
143
62
18
55
34
170
152
53
184
167
189
155
84
70
161
3
15
145
195
126
13
132
169
65
188
6
150
192
85
2
139
11
138
182
74
118
158
112
19
121
116
98
51
120
67
71
191
125
90
178
10
133
44
17
100
63
96
32
102
38
27
16
42
156
