145
15
3
70
161
188
150
192
147
191
90
125
121
131
197
156
24
198
30
193
31
54
151
117
73
105
162
46
45
78
175
142
5
177
171
8
56
68
82
87
58
77
97
141
79
91
61
7
123
25
182
11
49
33
160
35
109
12
29
0
41
111
144
104
157
138
2
85
98
51
67
71
133
17
100
63
102
32
122
44
10
178
135
38
16
27
42
196
190
80
136
173
19
112
116
118
74
43
126
13
132
169
65
189
167
69
55
62
124
128
110
86
22
172
57
66
148
59
4
149
101
199
9
174
53
152
170
34
18
176
180
88
26
103
89
165
163
186
153
119
159
143
106
64
194
166
48
76
75
137
114
52
179
60
23
47
154
94
184
155
84
