150
192
188
65
169
126
145
15
3
70
161
13
195
11
49
182
138
56
8
68
82
87
58
77
97
141
79
91
61
177
171
25
121
125
90
191
51
98
2
139
33
160
35
109
12
29
0
41
111
144
104
157
123
45
78
162
46
105
31
193
54
151
156
24
197
1
16
38
27
42
30
198
117
73
136
190
80
175
142
5
7
21
50
14
81
153
186
163
89
103
26
180
176
88
194
166
172
57
22
95
55
62
124
128
110
86
185
179
52
66
148
59
4
149
101
199
140
174
53
152
170
34
18
83
181
130
154
94
47
60
23
20
184
189
167
155
84
6
67
71
133
17
100
63
102
32
131
19
112
116
178
10
44
122
37
119
159
143
