144
56
8
68
82
87
58
77
97
141
79
91
61
177
171
25
182
11
49
33
160
35
109
12
29
0
41
111
37
119
124
62
55
174
53
4
59
199
9
22
172
57
66
148
60
23
20
101
149
140
183
95
86
176
180
88
26
103
89
165
163
186
153
81
14
50
104
157
138
2
150
192
188
65
169
126
145
15
3
70
161
13
195
168
43
85
98
51
125
90
191
71
67
120
121
131
197
156
24
198
30
193
31
54
151
117
73
105
162
46
45
78
175
142
5
136
190
80
196
42
16
38
102
63
17
133
44
10
178
122
19
112
116
118
74
189
167
184
170
18
128
110
185
179
52
166
194
114
137
75
76
113
129
159
143
106
130
154
94
