156
24
197
1
16
38
102
63
17
133
44
10
178
90
125
191
51
98
121
131
151
31
193
54
73
105
162
46
45
78
175
142
5
177
171
8
56
68
82
87
58
77
97
141
79
91
61
7
123
25
182
11
49
33
160
35
109
12
29
0
41
111
144
104
157
138
2
150
192
188
65
169
126
145
15
3
70
161
13
195
168
43
85
71
67
120
116
112
19
198
30
117
164
136
190
80
32
96
100
40
107
72
50
14
81
153
186
163
89
103
26
180
176
88
194
166
172
57
22
95
55
62
124
128
110
86
185
179
52
66
148
59
4
149
101
199
140
174
53
152
170
34
18
83
181
130
154
94
47
60
23
20
184
189
167
69
159
119
165
187
146
