98
51
125
90
191
71
67
150
192
188
65
169
126
145
15
3
70
161
13
195
11
49
182
138
56
8
68
82
87
58
77
97
141
79
91
61
177
171
25
121
131
197
156
24
198
30
193
31
54
151
117
73
105
162
46
45
78
175
142
5
136
190
80
196
42
16
38
102
63
17
133
44
10
178
122
19
112
116
2
139
33
160
35
109
12
29
0
41
111
144
104
50
14
81
153
186
163
89
103
26
180
176
88
194
166
172
57
22
95
55
62
124
128
110
86
185
179
52
66
148
59
4
149
101
199
140
174
53
152
170
34
18
83
181
130
154
94
47
60
23
20
184
189
167
119
159
143
165
187
146
