178
133
17
100
63
102
32
131
121
125
90
191
51
98
2
182
11
49
56
8
68
82
87
58
77
97
141
79
91
61
177
171
25
123
45
78
162
46
105
31
193
54
151
156
24
197
1
16
38
27
42
30
198
117
73
136
190
80
175
142
5
7
104
157
138
33
160
35
109
12
29
0
41
111
37
119
124
62
55
174
53
4
59
199
9
22
172
57
66
148
60
23
20
101
149
140
183
95
86
176
180
88
26
103
89
165
163
186
153
159
143
106
128
110
18
170
184
189
167
69
145
15
3
70
161
188
150
192
147
71
67
120
116
112
19
122
44
10
115
85
134
43
126
13
132
169
65
155
152
154
94
179
52
166
194
114
137
187
146
