111
8
56
68
82
87
58
77
97
141
79
91
61
177
171
25
182
11
49
33
160
35
109
12
29
0
41
119
124
62
55
174
53
4
59
199
9
22
172
57
66
148
60
23
20
101
149
140
183
95
86
176
180
88
26
103
89
165
163
186
153
159
143
106
128
110
18
170
184
189
167
69
145
15
3
70
161
188
150
192
147
191
90
125
121
131
197
156
24
198
30
193
31
54
151
117
73
105
162
46
45
78
175
142
5
136
190
80
196
42
16
38
102
63
17
133
44
10
178
71
67
51
98
2
85
134
43
126
13
195
168
139
138
104
157
19
112
32
96
100
40
107
72
146
187
127
137
114
194
166
52
179
154
94
