16
197
156
24
198
30
193
31
54
151
117
73
105
162
46
45
78
175
142
5
177
171
8
56
68
82
87
58
77
97
141
79
91
61
7
123
25
182
11
49
33
160
35
109
12
29
0
41
111
144
104
157
138
2
150
192
188
65
169
126
145
15
3
70
161
13
195
168
43
85
98
51
125
90
191
71
67
120
121
131
102
63
17
133
44
10
178
122
32
38
1
42
196
190
80
136
173
19
112
116
118
74
189
167
69
55
62
124
128
110
86
22
172
57
66
148
59
4
149
101
199
9
174
53
152
170
34
18
176
180
88
26
103
89
165
163
186
153
119
159
143
106
64
194
166
48
76
75
137
114
52
179
60
23
47
154
94
184
155
84
