32
102
63
17
133
44
10
178
90
125
191
51
98
121
131
197
156
24
198
30
193
31
54
151
117
73
105
162
46
45
78
175
142
5
177
171
8
56
68
82
87
58
77
97
141
79
91
61
7
123
25
182
11
49
33
160
35
109
12
29
0
41
111
144
104
157
138
2
150
192
188
65
169
126
145
15
3
70
161
13
195
168
43
85
71
67
120
116
112
19
173
136
190
80
196
42
16
38
92
100
40
107
72
118
74
69
189
167
184
53
4
59
199
9
22
172
57
66
148
60
23
20
101
149
140
174
55
62
124
128
110
86
176
180
88
26
103
89
165
163
186
153
119
159
143
106
95
185
179
52
166
194
114
137
75
76
48
154
94
