69
189
167
184
53
4
59
199
9
22
172
57
66
148
60
23
20
101
149
140
174
55
62
124
128
110
86
176
180
88
26
103
89
165
163
186
153
119
159
143
35
109
12
29
49
11
182
138
56
8
68
82
87
58
77
97
141
79
91
61
177
171
25
121
125
90
191
51
98
2
150
192
188
65
169
126
145
15
3
70
161
13
195
168
139
33
160
144
104
157
123
45
78
162
46
105
31
193
54
151
156
24
197
1
16
38
27
42
30
198
117
73
136
190
80
175
142
5
7
21
111
41
14
81
127
137
114
194
166
52
179
154
94
170
155
84
85
74
118
116
112
19
131
102
63
17
133
44
10
178
71
67
