176
66
141
137
23
186
114
64
83
89
183
153
0
170
117
93
140
36
163
67
108
69
18
20
22
146
103
195
159
193
41
191
110
139
198
46
60
109
51
72
59
118
115
96
5
42
192
160
48
30
54
147
104
177
10
190
4
84
11
184
28
166
77
105
116
65
47
131
149
24
156
29
127
194
6
173
180
158
53
136
182
121
99
189
19
100
26
101
150
1
97
152
74
125
87
2
120
44
82
92
57
55
52
91
179
145
168
78
16
88
171
113
56
188
85
13
31
157
17
81
187
174
196
169
40
119
185
8
165
39
90
107
27
71
58
164
7
21
132
144
155
14
138
32
3
178
49
102
61
62
9
33
37
148
167
111
124
12
130
94
63
133
161
162
45
151
