31
157
168
78
145
179
91
169
196
81
187
174
40
119
185
8
165
39
90
107
27
71
58
164
7
21
132
144
155
14
138
32
3
178
49
128
167
111
124
94
130
12
148
37
33
9
62
61
15
64
114
186
23
76
89
183
143
170
0
141
109
51
66
176
80
133
162
161
24
149
131
11
184
28
166
77
105
47
65
116
5
96
41
193
115
59
72
118
60
46
198
139
191
110
68
93
140
36
163
67
108
69
18
20
22
146
103
181
192
160
48
30
54
147
104
177
10
190
4
112
126
156
29
127
194
6
173
180
158
53
136
182
121
99
189
19
100
26
97
1
101
150
87
125
74
152
172
52
55
57
92
82
120
44
25
16
88
171
113
56
188
85
13
