162
161
24
112
126
156
29
127
194
6
173
180
158
53
136
182
121
99
100
26
101
150
87
125
74
152
1
97
19
189
94
130
12
124
111
148
37
33
167
52
55
57
92
82
120
44
25
78
145
179
91
168
16
88
171
113
56
188
85
13
31
157
17
196
169
81
187
174
119
40
185
8
165
39
90
107
27
71
58
164
7
21
138
32
3
178
49
102
62
9
61
155
144
132
73
64
114
186
23
76
89
183
153
0
170
117
93
140
36
163
67
108
69
18
20
22
146
103
181
192
160
48
30
54
147
104
177
10
190
4
84
11
184
28
166
77
43
42
5
96
41
193
159
142
191
139
110
68
46
198
115
116
105
65
47
131
149
59
118
72
51
109
60
141
66
176
80
133
