103
192
160
48
30
54
147
104
177
10
190
4
112
126
156
29
24
161
194
6
173
180
158
53
136
182
121
99
100
26
101
150
1
97
189
19
152
74
125
87
167
111
148
37
33
3
178
106
52
55
57
92
82
120
44
25
16
88
171
113
56
188
85
13
31
157
168
78
145
179
91
169
196
81
187
174
119
40
185
8
165
39
90
107
27
71
58
164
7
21
132
144
155
14
138
32
49
102
62
9
61
15
64
114
186
23
76
89
183
153
0
170
117
93
140
36
163
67
108
69
18
199
159
193
41
191
110
139
198
46
60
141
66
176
12
130
124
94
63
133
151
72
51
109
118
59
116
105
65
47
77
149
131
11
184
28
166
43
42
5
96
195
146
