6
173
136
182
121
99
189
19
97
1
152
74
125
87
2
82
78
168
157
31
13
85
188
56
113
171
88
16
25
44
120
150
101
26
100
53
158
180
154
70
127
29
156
126
112
4
84
11
166
28
184
190
10
177
104
147
54
30
48
160
192
181
103
146
22
20
18
69
108
67
163
36
140
93
117
170
0
153
183
76
23
186
114
64
73
132
21
7
164
58
71
27
107
90
174
187
81
196
169
40
119
165
8
185
91
179
55
52
106
178
3
32
138
14
155
144
61
9
62
102
49
128
167
33
37
148
111
124
94
130
12
176
66
141
51
109
60
118
59
115
198
46
68
110
139
191
142
159
193
41
96
5
42
43
77
105
116
65
47
131
149
24
162
161
194
