5
96
41
193
159
142
110
191
139
198
46
68
163
69
108
67
36
140
93
117
170
0
153
183
89
76
23
186
114
64
15
61
62
9
33
37
148
111
167
128
55
52
106
178
3
32
138
49
102
155
144
132
21
7
164
58
71
27
107
90
39
165
8
185
119
40
169
174
187
81
196
17
157
31
13
85
188
56
113
171
88
16
78
168
145
91
179
92
82
44
120
2
87
125
74
152
97
1
150
101
26
100
19
189
99
121
182
136
53
158
180
154
6
173
63
94
124
130
12
176
66
51
109
141
60
118
59
72
162
161
194
127
29
156
126
112
4
190
10
177
104
147
54
30
48
34
103
146
181
192
160
184
28
166
11
35
24
149
131
47
65
116
105
77
43
42
