9
37
33
102
49
178
3
32
138
14
155
144
132
21
7
164
58
71
27
107
90
39
165
8
185
40
119
174
187
81
169
196
17
157
31
13
85
188
56
113
171
88
16
168
91
179
145
78
25
44
120
150
101
26
100
121
99
189
19
97
1
152
74
125
87
2
82
92
57
55
52
128
167
111
124
94
130
12
80
176
66
141
51
109
60
118
72
59
115
198
46
68
110
139
191
142
159
193
41
96
5
42
28
184
11
166
77
105
116
65
47
131
149
24
161
162
133
63
182
136
53
158
180
173
6
194
127
29
156
126
112
4
190
10
177
104
147
54
30
48
160
192
181
103
146
22
20
18
69
108
67
163
36
140
93
117
170
0
153
183
89
76
23
186
114
64
15
61
62
