101
150
1
97
152
74
125
87
2
120
44
82
92
179
91
145
168
78
16
88
171
113
56
188
85
13
31
157
17
196
81
187
174
169
40
119
185
8
165
39
90
107
27
71
58
164
7
21
132
144
155
102
49
138
32
3
178
106
52
55
128
167
111
148
37
33
9
62
61
15
64
114
186
23
89
183
76
137
141
66
176
12
130
124
94
63
133
161
162
72
59
118
109
51
60
46
198
115
96
41
193
159
142
191
139
110
68
0
170
117
93
140
36
163
67
108
69
18
20
22
146
103
181
192
160
48
30
54
147
104
177
10
190
4
112
156
29
126
35
11
184
28
166
77
105
116
65
47
131
149
24
123
194
6
173
180
158
53
136
182
121
99
189
19
100
26
