59
118
72
151
133
63
94
124
130
12
176
66
141
51
109
60
46
68
110
191
139
198
115
96
5
42
43
77
166
28
184
11
84
4
190
10
177
104
147
54
30
48
160
192
181
103
146
195
41
193
159
199
18
69
108
67
163
36
140
93
117
170
0
153
183
89
76
23
186
114
64
15
148
37
33
9
62
61
102
49
178
3
32
138
14
155
144
132
21
7
164
58
71
27
107
90
39
165
8
185
119
40
169
174
187
81
196
17
157
31
13
85
188
56
113
171
88
16
78
168
145
179
91
55
52
128
167
111
172
129
82
44
120
2
87
150
101
100
26
97
1
74
152
19
189
99
121
182
136
53
158
180
173
6
194
127
29
156
24
149
131
47
65
105
116
