40
169
174
187
81
196
17
157
31
13
85
188
56
113
171
88
16
78
168
145
179
91
52
55
57
92
82
44
120
150
101
100
26
97
1
152
74
125
87
167
111
124
12
130
94
19
189
99
121
182
136
53
158
180
173
6
194
123
24
29
156
126
112
4
190
10
177
104
147
54
30
48
184
11
166
28
160
192
181
103
146
22
20
18
69
108
67
163
36
140
93
117
170
0
68
46
198
139
191
110
142
159
193
41
96
5
42
43
77
131
149
47
65
105
116
59
118
72
162
161
151
51
109
60
141
66
176
137
23
76
183
89
83
114
64
15
61
62
9
37
33
102
49
178
3
32
138
14
155
144
132
21
7
164
58
71
27
107
90
39
165
8
185
119
