52
106
178
3
32
138
39
165
8
185
119
40
169
196
91
179
145
168
78
16
88
171
113
56
188
85
13
31
157
17
81
187
174
90
107
27
71
58
164
7
21
132
144
155
49
102
62
9
61
15
64
114
83
89
183
76
23
137
12
130
124
94
63
133
161
162
45
151
176
66
141
51
109
60
118
72
59
116
105
65
47
149
131
77
43
42
5
96
41
193
159
142
110
191
139
198
46
68
0
170
117
93
140
36
163
67
108
69
18
20
22
146
103
181
192
160
48
30
54
147
104
177
10
190
184
28
166
11
84
4
112
126
156
29
24
123
194
6
173
180
158
53
136
182
121
99
189
19
100
26
101
150
1
97
152
74
125
87
2
120
44
82
129
172
167
111
148
37
33
128
55
