99
189
19
97
1
152
74
125
87
167
111
33
37
148
12
130
124
94
80
176
66
141
60
118
109
51
72
162
161
133
63
182
136
53
158
180
173
6
194
123
24
149
131
47
65
116
105
77
166
28
184
11
35
126
29
156
112
4
190
10
177
104
147
54
30
48
160
192
181
103
146
22
20
18
69
108
67
163
159
193
41
96
115
191
110
139
198
46
68
140
93
117
170
0
153
183
89
76
23
186
114
64
15
61
9
62
102
49
32
138
14
155
144
132
21
7
164
58
71
27
107
90
39
165
8
3
178
106
185
119
40
174
187
81
169
196
17
157
31
13
85
188
56
113
171
88
16
78
168
145
91
179
92
82
44
120
150
101
26
100
121
