64
15
61
144
155
14
138
32
3
178
49
102
62
9
33
37
148
111
167
52
55
57
92
78
168
145
179
91
196
169
40
119
185
8
165
39
95
7
164
58
71
27
107
90
174
187
81
17
157
31
13
85
188
56
113
171
88
16
25
44
120
82
2
87
125
74
152
97
1
150
101
26
100
19
189
99
121
182
136
53
158
180
173
6
194
161
24
29
156
126
112
4
190
10
177
104
147
54
30
48
160
192
96
5
42
28
184
11
166
131
149
77
105
116
65
59
118
115
198
46
68
110
139
191
41
193
159
195
103
146
22
20
18
69
108
67
163
36
140
93
117
170
0
60
141
51
109
72
151
133
63
94
124
130
12
137
76
183
89
23
186
114
