92
179
91
145
168
78
16
88
171
113
56
188
85
13
31
157
17
196
169
81
187
174
90
107
27
71
58
164
7
95
39
165
8
119
40
185
106
3
178
52
55
128
167
111
124
94
130
12
148
37
33
9
62
61
102
49
32
138
14
155
144
132
73
64
114
186
23
76
89
183
143
170
0
141
51
109
72
59
118
60
46
198
139
191
110
68
93
140
36
163
67
108
69
18
20
22
146
103
195
159
193
41
96
5
42
192
160
48
30
54
147
104
177
10
190
4
84
11
184
28
166
77
105
116
65
47
131
149
24
156
29
127
194
6
173
180
158
53
136
182
121
99
189
19
100
26
101
150
1
97
152
74
125
87
2
120
44
82
