193
159
199
69
108
18
20
22
146
103
192
160
43
105
116
65
47
77
166
28
184
48
30
54
147
104
177
10
190
4
84
11
35
112
126
156
29
24
131
149
161
194
6
173
180
158
53
136
182
121
99
189
19
152
74
125
87
1
97
26
100
101
150
2
82
120
44
25
78
145
168
16
88
171
113
56
188
85
13
31
157
17
81
187
174
169
196
91
179
55
52
178
3
106
185
40
119
8
165
39
90
107
27
71
58
164
7
21
132
144
155
14
138
32
49
128
167
111
148
37
33
9
62
61
15
64
114
186
23
76
89
183
153
0
170
117
93
140
36
67
163
110
191
139
198
46
60
141
66
176
12
130
124
94
80
51
109
72
59
118
115
96
41
