40
185
8
138
32
3
106
178
49
102
155
144
61
62
9
15
64
114
83
89
183
76
23
186
148
37
33
167
111
124
12
130
94
63
133
161
162
72
59
118
60
109
51
66
141
0
170
117
93
140
68
46
198
139
110
191
115
96
41
193
159
163
67
108
69
18
20
22
146
103
181
192
160
48
30
54
147
104
177
10
190
4
112
156
29
126
35
11
184
28
166
77
105
116
65
47
131
149
24
123
194
6
173
180
158
53
136
182
121
99
189
19
100
26
101
150
1
97
152
74
125
87
2
82
120
44
25
16
88
171
113
56
188
85
13
31
157
168
78
145
92
57
55
52
179
91
169
196
81
187
174
90
107
27
71
58
164
7
95
39
165
119
