150
101
26
100
19
189
99
121
182
136
53
158
180
173
6
194
123
24
149
131
47
65
116
105
77
166
28
184
11
35
126
29
156
112
4
190
10
177
104
147
54
30
48
160
192
181
103
146
22
20
18
69
108
67
163
36
140
93
117
170
0
68
110
139
191
142
159
193
41
96
115
198
46
60
51
109
118
59
72
162
161
133
63
94
124
130
12
176
66
141
137
76
183
89
23
186
114
64
15
61
62
9
33
37
148
111
167
128
55
52
106
178
3
32
138
49
102
155
144
132
21
7
164
58
71
27
107
90
39
165
8
185
119
40
169
174
187
81
196
17
157
31
13
85
188
56
113
171
88
16
78
168
145
91
179
92
82
44
120
2
87
125
74
152
97
1
