113
56
188
85
13
31
157
17
196
169
81
187
174
119
40
185
8
165
39
90
107
27
71
58
164
7
21
132
144
155
102
49
138
32
3
178
106
52
55
91
179
92
172
167
111
148
37
33
9
62
61
15
64
114
83
89
183
143
170
0
153
76
23
137
176
66
141
51
109
72
59
118
60
46
198
115
116
105
65
47
149
131
11
184
28
166
77
43
42
5
96
41
193
159
142
191
139
110
68
93
140
36
163
67
108
69
18
20
22
146
103
181
192
160
48
30
54
147
104
177
10
190
4
112
126
156
29
24
161
162
45
151
80
12
130
124
94
63
133
194
6
173
180
158
53
136
182
121
99
100
26
101
150
1
97
189
19
152
74
125
87
2
82
120
44
25
78
145
168
16
88
171
