81
196
17
157
31
13
85
188
56
113
171
88
16
78
168
145
91
179
92
82
44
120
2
87
125
74
152
19
189
97
1
150
101
26
100
99
121
182
136
53
158
180
173
6
194
161
24
29
156
126
112
4
190
10
177
104
147
54
30
48
160
192
181
103
146
22
20
18
69
108
67
163
36
140
93
68
110
139
191
142
159
193
41
96
5
42
43
77
166
28
184
11
131
149
47
65
105
116
115
198
46
60
118
59
72
109
51
141
66
176
137
23
76
153
0
170
143
183
89
83
114
64
15
61
62
9
33
37
148
12
130
94
124
111
167
128
55
52
106
178
3
32
138
49
102
155
144
132
21
7
164
58
71
27
107
90
39
165
8
185
119
40
169
174
187
