94
80
151
45
162
161
133
63
182
136
53
158
180
173
6
194
123
24
149
131
47
65
116
105
77
166
28
184
11
35
126
29
156
112
4
190
10
177
104
147
54
30
48
160
192
42
5
96
181
103
146
195
159
193
41
191
139
110
199
18
69
108
67
163
36
140
93
117
170
0
68
46
198
115
118
59
72
51
109
60
141
66
176
137
23
76
183
89
83
114
64
15
61
9
62
102
49
178
3
32
138
14
155
144
132
21
7
164
58
71
27
107
90
39
165
8
185
119
40
174
187
81
196
169
91
179
52
55
57
92
145
78
168
157
31
13
85
188
56
113
171
88
16
25
44
120
82
2
150
101
1
97
26
100
121
99
189
19
152
74
125
87
167
111
33
37
148
12
130
124
