111
33
37
148
12
130
124
94
99
189
19
152
74
97
1
150
101
26
100
121
182
136
53
158
180
173
6
194
133
80
176
66
141
51
109
60
118
59
72
162
161
149
131
24
29
156
126
112
4
190
10
177
104
147
54
30
48
160
192
28
184
11
166
77
47
65
116
105
43
42
5
96
181
103
146
22
20
18
69
108
67
163
159
193
41
191
110
139
198
46
68
140
93
117
170
0
153
183
89
76
23
186
114
64
15
61
9
62
102
49
32
138
14
155
144
132
21
7
164
58
71
27
107
90
39
165
8
185
119
40
174
187
81
169
196
17
157
31
13
85
188
56
113
171
88
16
168
145
78
25
44
120
82
2
87
129
92
179
91
55
52
106
178
3
128
167
