9
33
37
15
64
114
186
23
76
89
183
153
0
170
117
93
140
36
163
67
108
69
18
20
22
146
103
181
192
160
48
30
54
147
104
177
10
190
4
112
126
156
29
127
194
6
173
180
158
53
136
182
63
133
162
161
24
149
131
47
65
116
105
77
166
11
184
28
42
5
96
41
193
159
142
191
139
110
68
46
198
115
59
72
118
60
109
51
141
66
176
80
12
130
94
124
111
167
128
52
55
57
92
82
2
87
125
74
152
1
97
19
189
99
121
100
26
101
150
120
44
25
78
145
179
91
168
16
88
171
113
56
188
85
13
31
157
17
196
169
81
187
174
119
40
185
8
165
39
90
107
27
71
58
164
7
21
132
144
155
14
138
32
3
178
49
102
61
62
