65
116
105
149
131
77
43
42
5
96
41
193
159
142
110
191
139
198
46
68
0
170
117
93
140
36
163
67
108
69
18
20
22
146
103
181
192
160
48
30
54
147
104
177
10
190
184
28
166
11
84
4
112
126
156
29
24
123
127
70
6
154
158
53
136
180
173
194
161
162
133
63
130
12
124
94
19
189
99
121
100
26
101
150
1
152
74
125
87
167
111
148
37
33
3
178
106
52
55
57
92
82
120
44
25
78
145
179
91
168
16
88
171
113
56
188
85
13
31
157
17
196
81
187
174
169
40
119
185
8
165
39
90
107
27
71
58
164
7
21
132
144
155
14
138
32
49
102
62
9
61
15
64
114
186
23
89
183
76
137
176
66
141
51
109
60
118
72
59
