184
160
48
30
54
147
104
177
10
190
4
112
126
156
29
127
194
6
173
180
158
53
136
182
121
99
100
26
101
150
1
87
125
74
152
19
189
94
130
12
124
111
148
37
33
167
52
55
57
92
82
120
44
25
78
145
179
91
168
16
88
171
113
56
188
85
13
31
157
17
196
81
187
174
169
40
119
185
8
165
39
90
107
27
71
58
164
7
21
132
144
155
14
138
32
3
178
49
102
62
9
61
15
64
114
83
89
183
76
23
137
176
66
141
51
109
72
59
118
60
46
68
0
170
117
93
140
36
163
67
108
69
18
20
22
146
103
195
159
142
110
139
191
193
41
96
116
65
47
105
77
131
149
24
35
11
166
28
