188
56
113
171
88
16
168
145
78
25
44
120
82
2
87
125
74
152
19
189
97
1
150
101
26
100
99
121
182
136
53
158
180
173
6
194
123
24
149
131
47
65
116
105
77
166
28
184
11
35
126
29
156
112
4
190
10
177
104
147
54
30
48
160
192
42
5
96
181
103
146
195
159
41
193
199
18
69
108
67
163
36
140
93
117
170
0
68
110
191
139
198
46
60
118
59
72
162
161
151
51
109
141
66
176
80
94
124
130
12
137
23
76
183
89
83
114
64
15
61
9
62
102
49
155
144
132
21
7
164
58
71
27
107
90
39
165
119
40
185
8
138
32
3
178
106
52
55
128
33
37
148
111
167
172
92
179
91
196
169
174
187
81
17
157
31
13
85
