28
166
77
105
116
65
47
131
149
24
4
112
126
156
29
127
194
6
173
180
158
53
136
182
121
99
189
19
100
26
101
150
1
97
152
74
125
87
2
82
120
44
25
16
88
171
113
56
188
85
13
31
157
17
81
187
174
169
196
91
179
145
168
78
92
57
55
52
178
3
106
185
40
119
8
165
39
90
107
27
71
58
164
7
21
138
32
49
102
155
144
61
62
9
37
33
167
111
148
15
64
114
83
89
183
76
23
137
141
66
176
12
130
124
94
63
133
151
72
51
109
60
118
59
115
96
41
193
159
142
110
191
139
198
46
68
0
170
117
93
140
36
163
67
108
69
18
20
22
146
103
181
192
160
48
30
54
147
104
177
10
190
11
184
