26
97
101
150
1
152
74
125
87
2
82
120
44
25
16
88
171
113
56
188
85
13
31
157
168
78
145
179
91
52
128
167
111
124
94
130
12
148
37
33
9
62
102
49
178
3
32
138
8
165
119
40
185
169
196
81
187
174
90
107
27
71
58
164
7
21
132
144
155
61
15
64
114
186
23
76
89
183
153
0
170
117
93
140
36
163
67
108
69
18
20
22
146
103
195
159
193
41
191
139
110
68
46
60
141
66
51
72
59
118
115
96
5
42
43
77
105
116
65
47
149
131
11
166
28
184
160
48
30
54
147
104
177
10
190
4
112
126
156
29
24
161
194
6
173
180
158
53
136
182
121
99
189
19
100
