186
114
64
73
132
21
7
164
58
71
27
107
90
39
165
8
185
119
40
169
174
187
81
196
17
157
31
13
85
188
56
113
171
88
16
25
44
120
82
78
168
145
179
91
55
52
106
178
3
32
138
14
144
155
49
102
61
62
9
33
37
148
12
130
94
124
111
167
87
125
74
152
97
1
150
101
26
100
19
189
99
121
182
136
53
158
180
173
6
194
161
162
133
80
176
66
141
60
109
51
72
59
118
115
198
46
68
110
139
191
193
41
96
5
42
28
184
11
166
77
105
116
65
47
131
149
24
29
156
126
112
4
190
10
177
104
147
54
30
48
160
192
181
103
146
195
159
199
18
69
108
67
163
36
140
93
117
170
0
153
183
89
76
23
