150
1
97
152
74
125
87
172
52
55
57
92
82
120
44
25
78
145
168
16
88
171
113
56
188
85
13
31
157
17
81
187
174
169
196
91
179
185
40
119
8
165
39
90
107
27
71
58
164
7
21
138
32
3
178
49
102
62
9
61
155
144
132
73
64
114
186
23
76
89
183
153
0
170
117
93
140
36
163
67
108
69
18
20
22
146
103
181
192
160
48
30
54
147
104
177
10
190
4
112
126
156
29
127
194
6
173
180
158
53
136
182
63
133
162
161
24
149
131
47
65
116
105
77
166
11
184
28
42
5
96
41
193
159
142
110
191
139
198
46
115
59
72
118
60
109
51
141
66
176
148
37
33
167
111
124
12
130
94
19
189
99
121
100
26
101
