141
51
109
60
118
59
72
151
133
63
94
124
130
12
148
37
33
111
167
172
92
179
91
55
52
106
178
3
32
138
49
102
62
9
61
155
144
132
21
7
164
58
71
27
107
90
39
165
8
185
119
40
174
187
81
169
196
17
157
31
13
85
188
56
113
171
88
16
168
145
78
25
44
120
82
2
87
125
74
152
97
1
150
101
26
100
19
189
99
121
182
136
53
158
180
173
6
194
161
24
149
131
47
65
116
105
77
166
28
184
11
35
126
29
156
112
4
190
10
177
104
147
54
30
48
160
192
181
103
146
22
20
18
69
108
67
163
36
140
93
68
110
139
191
142
159
193
41
96
115
198
46
0
170
143
183
89
83
64
114
186
23
137
66
