174
40
119
185
8
165
39
90
107
27
71
58
164
7
21
138
14
155
144
61
9
62
102
49
32
3
178
106
52
55
128
167
111
33
37
148
124
94
130
12
176
66
51
109
141
137
23
186
114
64
83
89
183
153
0
170
117
93
140
36
67
163
108
69
18
20
22
146
103
34
30
54
177
10
190
104
147
48
160
192
42
5
96
41
193
159
142
191
139
110
68
46
198
115
60
118
72
59
116
65
47
105
77
166
28
184
11
131
149
24
126
112
156
29
127
70
6
154
180
173
194
161
162
133
63
182
136
158
53
121
99
189
19
26
100
150
101
1
97
152
74
125
87
2
120
44
82
78
168
145
179
91
169
196
17
157
31
13
56
16
88
171
113
50
188
98
81
187
