130
94
63
133
161
162
72
59
118
60
109
51
141
66
176
137
23
76
89
183
153
0
170
117
93
140
36
67
163
108
69
18
20
22
146
103
34
30
54
147
48
160
192
42
5
96
41
193
159
142
191
139
110
68
46
198
115
116
65
47
105
77
131
149
166
28
184
11
177
10
190
4
112
126
156
29
127
194
6
173
180
158
53
136
182
121
100
26
97
1
101
150
99
189
19
152
74
125
87
2
120
44
82
92
179
91
145
78
168
31
13
56
16
88
171
113
50
188
157
17
81
187
196
169
174
90
107
27
71
58
164
7
95
39
165
8
119
40
185
106
178
3
32
138
14
132
73
64
114
15
144
155
49
102
61
62
9
33
37
148
167
111
124
12
