20
22
146
103
160
48
30
54
147
104
177
10
190
4
84
11
184
28
166
131
149
47
65
116
105
77
43
42
5
96
41
193
159
142
110
191
139
198
46
60
118
59
72
109
51
141
66
176
80
133
162
161
24
112
126
156
29
127
194
6
173
180
158
53
136
182
121
99
100
26
150
101
1
87
125
74
152
19
189
94
124
130
12
111
148
37
33
9
61
62
128
167
172
129
82
120
44
25
92
57
55
52
106
178
3
8
165
119
40
169
196
91
179
145
78
168
31
13
56
16
88
171
113
50
188
157
17
81
187
174
90
107
27
71
58
164
7
21
138
32
49
102
155
144
132
73
64
114
186
23
76
89
183
153
0
170
117
93
140
36
163
67
108
69
18
