64
15
61
62
9
33
37
148
167
111
172
55
52
106
178
3
32
49
102
144
155
14
138
21
7
164
58
71
27
107
90
39
165
8
185
119
40
169
174
187
81
196
17
157
31
13
85
188
56
113
171
88
16
44
25
78
168
145
91
179
92
82
120
2
87
125
74
152
97
1
101
150
26
100
121
99
189
19
94
124
12
130
63
182
136
53
158
180
173
6
194
127
29
156
126
112
4
190
10
177
104
147
54
30
48
34
103
146
195
159
193
41
191
139
110
163
69
108
67
36
140
93
117
170
0
46
198
115
96
5
42
192
160
28
184
11
166
77
105
116
65
47
131
149
24
161
162
72
59
118
60
109
51
141
66
176
137
23
76
183
89
83
114
