6
173
180
136
182
121
99
189
19
152
74
94
130
12
124
111
167
128
55
52
106
178
3
32
138
49
102
155
144
61
62
9
33
37
148
15
186
23
137
176
66
141
60
109
51
151
45
162
161
194
127
29
156
126
24
131
149
72
118
59
116
65
47
105
77
166
28
184
11
84
4
190
10
177
104
147
54
30
48
160
192
181
103
146
195
159
193
41
96
115
191
110
139
198
46
68
163
69
108
67
36
140
93
117
170
0
153
183
89
83
114
64
73
132
21
7
164
58
71
27
107
90
39
165
8
185
119
40
174
187
81
196
169
91
179
145
78
168
157
31
13
85
188
56
113
171
88
16
25
44
120
82
2
87
1
101
150
26
100
53
158
154
