131
77
105
47
65
116
59
118
72
109
51
151
45
162
161
133
80
176
66
141
60
46
198
139
191
110
142
159
193
41
96
5
42
192
160
184
28
166
11
35
126
29
156
112
4
190
10
177
104
147
54
30
48
34
103
146
22
20
18
69
108
163
67
36
140
93
117
170
0
153
183
89
76
23
186
114
64
73
132
21
7
164
58
71
27
107
90
174
187
81
169
196
17
157
188
50
113
171
88
16
56
13
31
168
78
145
179
91
185
40
119
165
8
106
178
3
32
138
14
144
155
49
102
61
62
9
33
37
148
167
111
124
12
130
94
189
19
97
1
152
74
125
87
172
52
55
57
92
82
44
120
150
101
26
100
99
121
182
136
53
158
180
173
6
194
123
24
149
