124
12
130
94
19
189
99
121
100
26
150
101
1
97
152
74
125
87
2
82
120
44
25
78
145
168
16
88
171
113
56
188
85
13
31
157
17
81
187
174
90
107
27
71
58
164
7
21
132
73
64
114
83
89
183
153
0
170
117
93
140
36
67
108
69
163
68
46
198
139
110
191
115
96
41
193
159
195
146
103
181
192
160
48
30
54
147
104
177
10
190
4
84
11
184
28
166
77
105
47
65
116
59
118
72
162
161
24
149
131
112
126
156
29
127
194
6
173
180
158
53
136
182
63
133
151
51
109
60
141
66
176
137
23
186
15
61
9
62
102
49
144
155
14
32
3
178
138
39
165
8
185
119
40
169
196
91
179
55
52
128
167
111
33
37
148
