1
101
150
26
100
53
158
154
173
180
136
182
121
99
189
19
94
124
130
12
63
133
162
161
194
6
70
127
123
24
29
156
126
112
4
84
11
166
28
184
190
10
177
104
147
54
30
48
160
192
181
103
146
195
159
193
41
199
18
69
108
163
67
36
140
93
117
170
0
46
68
110
191
139
198
115
96
5
42
43
77
131
149
47
65
105
116
59
118
72
51
109
60
141
66
176
137
23
76
183
89
83
114
64
73
132
21
7
164
58
71
27
107
90
174
187
81
169
196
17
157
31
13
85
188
56
113
171
88
16
25
44
120
82
78
168
91
179
55
52
178
3
106
185
40
119
165
8
138
32
49
102
155
144
61
62
9
33
37
148
111
167
152
74
125
87
