109
60
118
59
72
162
161
24
149
131
47
65
116
105
77
166
11
184
28
42
5
96
41
193
159
110
191
139
198
46
68
0
170
117
93
140
36
163
67
108
69
18
20
22
146
103
181
192
160
48
30
54
147
104
177
10
190
4
112
126
156
29
127
194
6
173
180
158
53
136
182
121
100
26
150
101
1
87
125
74
152
97
99
19
189
94
124
130
12
148
37
33
111
167
128
55
52
91
179
168
78
82
120
44
25
16
88
171
113
56
188
85
13
31
157
17
196
169
81
187
174
40
119
185
8
165
39
90
107
27
71
58
164
7
21
132
144
155
14
138
32
3
178
49
102
62
9
61
15
64
114
83
89
183
76
23
137
176
66
141
51
