19
94
63
182
136
53
158
180
173
6
194
127
29
156
126
112
24
161
162
133
80
176
66
141
51
109
72
59
118
60
46
68
110
191
139
198
115
193
41
96
5
42
43
105
116
65
47
77
149
131
166
28
184
11
84
4
190
10
177
104
147
54
30
48
160
192
181
103
146
195
159
18
69
108
67
163
36
140
93
117
170
0
153
183
89
83
114
64
186
23
137
12
130
124
111
167
148
37
33
9
62
61
102
49
138
32
155
144
132
21
7
164
58
71
27
107
90
39
165
8
119
40
185
106
3
178
52
55
179
91
196
169
174
187
81
17
157
188
50
113
171
88
16
56
13
31
168
145
78
25
44
120
82
2
87
125
74
152
97
1
101
150
26
100
121
99
189
