102
155
144
132
21
7
164
58
71
27
107
90
174
187
81
17
157
188
50
113
171
88
16
56
13
31
168
145
78
25
44
120
150
101
1
87
125
74
152
19
189
94
124
130
12
63
136
182
121
99
26
100
53
158
180
173
6
194
127
29
156
126
112
24
161
162
72
59
118
109
51
66
141
60
115
116
65
47
105
77
149
131
166
28
184
11
84
4
190
10
177
104
147
54
30
48
160
103
146
181
192
42
5
96
41
193
159
142
110
191
139
198
46
68
163
69
108
67
36
140
93
117
170
0
153
183
89
76
23
186
114
64
15
61
62
9
33
37
148
111
167
172
129
82
92
57
55
52
179
91
196
169
185
40
119
8
165
39
138
32
3
178
49
