41
191
139
110
163
69
108
67
36
140
93
117
170
0
153
183
89
83
114
64
73
132
144
155
14
138
21
7
164
58
71
27
107
90
174
187
81
196
169
40
119
165
8
185
91
179
145
78
168
157
31
13
85
188
56
113
171
88
16
25
44
120
82
92
57
55
52
106
178
3
32
49
102
61
62
9
128
167
111
148
37
33
15
186
23
137
176
66
141
51
109
59
118
60
46
198
115
116
65
47
105
77
131
149
24
161
162
72
151
133
63
130
12
124
94
189
19
152
74
125
87
1
101
150
26
100
99
121
182
136
53
158
180
173
6
194
127
29
156
126
112
4
84
11
166
28
184
190
10
177
104
147
54
30
48
160
192
42
5
96
181
103
146
22
159
193
