115
96
41
193
159
195
146
103
181
192
160
48
30
54
147
104
177
10
190
4
84
11
184
28
166
131
149
77
105
47
65
116
59
118
72
162
161
24
112
126
156
29
127
70
6
194
133
151
51
109
60
141
66
176
130
12
124
94
19
189
99
121
182
136
180
173
154
158
53
100
26
97
1
101
150
87
125
74
152
111
148
37
33
167
128
52
55
179
91
145
168
78
82
120
44
25
16
88
171
113
56
188
85
13
31
157
17
81
187
174
196
169
40
119
185
8
165
39
90
107
27
71
58
164
7
21
132
144
155
14
138
32
3
178
49
102
62
9
61
15
64
114
186
23
76
89
183
153
0
170
117
93
140
36
67
108
69
163
110
191
139
68
46
198
