71
27
90
107
39
165
8
185
119
40
174
187
81
169
196
17
157
188
50
113
171
88
16
56
13
31
168
78
145
91
179
55
52
129
82
44
120
2
87
125
74
152
97
1
101
150
100
26
19
189
99
121
182
136
53
158
180
173
6
194
123
24
29
156
126
112
4
84
11
184
190
10
177
104
147
54
30
48
160
192
28
166
131
149
77
105
47
65
116
96
41
193
159
195
103
146
22
20
18
69
108
67
163
36
140
93
117
170
0
68
110
191
139
198
46
60
118
59
72
162
161
151
51
109
141
66
176
80
94
130
12
124
111
167
33
37
148
186
23
76
183
89
83
114
64
15
61
9
62
102
49
178
3
32
138
14
155
144
132
21
7
164
58
