127
29
156
126
112
4
190
10
177
11
184
28
166
149
131
77
105
47
65
116
59
72
118
60
46
198
139
191
110
142
159
193
41
96
5
42
192
160
48
147
54
30
34
103
146
22
20
18
69
108
163
67
36
140
93
117
170
0
153
183
89
83
114
64
186
23
137
141
109
51
66
176
12
130
124
94
189
19
152
74
125
87
2
82
92
57
55
52
106
178
3
32
138
49
128
167
111
148
37
33
9
62
61
155
144
132
21
7
164
58
71
27
107
90
39
165
8
119
40
185
91
179
145
78
168
196
169
174
187
81
157
188
85
31
13
56
113
171
88
16
25
44
120
150
101
1
97
26
100
99
121
53
158
136
182
63
133
162
161
194
173
180
154
6
70
