15
64
114
83
89
183
76
23
137
176
66
141
51
109
60
118
59
72
162
161
24
149
131
47
65
116
105
77
166
11
184
28
160
192
42
5
96
115
198
46
0
170
117
93
140
36
67
108
69
163
110
139
191
41
193
159
195
146
103
34
48
30
54
147
104
177
10
190
4
112
126
156
29
127
194
6
173
180
158
53
136
182
63
130
12
124
94
19
189
99
121
100
26
150
101
1
97
152
74
125
87
2
120
82
92
179
91
145
168
78
25
44
16
88
171
113
56
188
85
13
31
157
17
196
81
187
174
169
40
119
185
8
165
39
90
107
27
71
58
164
7
21
138
14
155
144
102
49
32
3
178
106
52
55
172
111
167
148
37
33
9
62
61
