106
8
165
119
40
185
91
179
145
168
78
16
88
171
113
56
188
85
13
31
157
17
196
169
174
81
187
90
107
27
58
164
7
21
132
73
64
114
186
23
76
89
183
153
0
170
117
93
140
36
67
163
108
69
18
20
22
146
103
181
192
160
48
30
54
147
104
177
10
190
4
112
126
156
29
127
70
6
154
180
173
194
161
24
149
131
11
184
28
166
77
105
47
65
116
96
41
193
159
142
191
139
110
68
46
60
118
59
72
51
109
141
66
176
80
63
182
136
158
53
121
99
189
19
26
100
150
101
1
97
152
74
125
87
2
120
44
82
92
57
55
52
128
167
111
124
94
130
12
148
37
33
9
62
61
102
49
144
155
14
138
32
3
178
