183
153
0
170
117
93
140
36
67
108
69
163
68
46
198
139
110
191
115
96
41
193
159
195
146
103
181
192
160
48
30
54
147
104
177
10
190
4
84
11
184
28
166
77
105
47
65
116
59
118
72
51
109
60
141
66
176
80
133
162
161
24
149
131
112
126
156
29
127
194
6
173
180
158
53
136
182
121
99
100
26
150
101
1
87
125
74
152
19
189
94
130
12
124
111
167
148
37
33
9
62
102
49
32
3
178
106
52
55
57
92
82
120
44
25
16
88
171
113
56
188
85
13
31
157
168
78
145
179
91
185
8
165
119
40
169
196
81
187
174
90
107
27
71
58
164
7
21
138
14
155
144
61
15
64
114
186
23
76
89
