25
16
88
171
113
56
13
31
85
188
157
168
78
145
179
91
169
196
81
187
174
119
40
185
8
165
39
90
107
27
71
58
164
7
21
132
73
64
114
186
23
76
89
183
153
0
170
117
93
140
36
67
108
69
163
68
46
198
139
110
191
115
96
41
193
159
195
146
103
181
192
160
48
30
54
147
104
177
10
190
4
84
11
184
28
166
77
105
116
65
47
131
149
24
126
156
29
127
70
6
194
161
162
72
59
118
60
109
51
141
66
176
80
63
182
136
180
173
154
158
53
86
150
101
1
87
125
74
152
97
26
100
121
99
189
19
94
130
12
124
111
167
148
37
33
9
62
61
102
49
144
155
14
138
32
3
178
106
52
55
57
92
82
120
44
