138
14
144
155
49
102
61
62
9
33
37
148
167
111
124
12
130
94
19
189
99
121
53
158
154
173
180
136
182
63
80
176
66
141
51
109
60
118
59
72
162
161
194
6
70
127
29
156
126
24
149
131
47
65
116
105
77
166
28
184
11
84
4
190
10
177
104
147
54
30
48
160
192
181
103
146
195
159
193
41
96
115
191
110
139
198
46
68
163
69
108
67
36
140
93
117
170
0
153
183
89
76
23
186
114
64
73
132
21
7
164
58
71
27
107
90
39
165
8
185
119
40
169
174
187
81
196
17
157
31
13
85
188
56
113
171
88
16
25
44
120
150
101
100
26
97
1
152
74
125
87
2
82
78
168
145
91
179
55
52
106
178
3
32
