196
91
179
145
168
78
82
2
87
125
74
152
1
97
26
100
19
189
99
121
182
136
63
133
161
162
72
109
51
66
141
60
118
59
115
198
46
68
0
170
117
93
140
36
67
163
110
139
191
41
193
159
199
69
108
18
20
22
146
103
181
192
160
48
30
54
147
104
177
10
190
4
84
11
184
28
166
43
42
5
96
116
65
47
105
77
131
149
24
126
156
29
127
194
6
173
180
158
53
101
150
120
44
25
16
88
171
113
56
188
85
13
31
157
17
81
187
174
90
107
27
71
58
164
7
21
132
73
64
114
83
89
183
76
23
186
15
61
62
9
33
37
148
12
130
94
124
111
167
128
55
52
106
178
3
49
102
144
155
14
32
138
39
165
8
185
119
40
169
