191
139
198
115
116
105
65
47
77
149
131
166
28
42
5
96
192
160
48
30
54
147
104
177
10
190
184
11
84
4
112
126
156
29
24
123
127
70
6
154
158
53
180
173
194
161
162
72
59
118
109
51
66
176
80
63
136
182
121
99
189
19
94
124
130
12
148
37
33
111
167
87
125
74
152
97
1
101
26
100
150
120
44
82
92
57
55
52
106
178
3
8
165
119
40
185
169
196
91
179
145
78
168
31
13
56
16
88
171
113
50
188
157
17
81
187
174
90
107
27
58
164
7
21
132
144
138
32
14
155
49
102
62
9
61
15
64
114
186
23
89
183
76
137
141
60
46
68
0
170
117
93
140
36
163
67
108
69
18
20
22
146
103
195
159
193
41
110
