110
139
191
142
159
193
41
96
5
42
192
181
146
103
160
48
30
54
147
104
177
10
190
4
112
126
156
29
127
70
6
154
180
173
194
161
24
149
131
11
184
28
166
77
105
47
65
116
115
198
46
60
118
59
72
51
109
141
66
176
80
63
182
136
158
53
121
99
189
19
94
124
130
12
148
37
33
111
167
87
125
74
152
1
97
26
100
101
150
120
44
82
92
179
91
145
168
78
16
88
171
113
56
188
85
13
31
157
17
196
169
174
81
187
90
107
27
71
58
164
7
95
39
165
8
119
40
185
106
178
3
32
138
49
102
62
9
61
155
144
132
73
64
114
186
23
76
89
183
153
0
170
117
93
140
36
67
108
69
163
