164
58
71
27
107
90
187
81
174
169
196
17
157
31
13
56
188
50
113
171
88
16
78
168
145
91
179
92
82
44
120
150
101
100
26
97
1
152
74
125
87
167
111
33
37
148
12
130
124
94
19
189
99
121
182
136
53
158
180
154
6
70
127
29
156
126
112
24
161
194
173
63
80
176
66
141
60
109
51
72
118
59
116
65
47
105
77
149
131
166
28
184
11
84
4
190
10
177
104
147
54
30
48
160
192
42
5
96
115
46
198
139
191
110
41
193
159
195
103
146
22
20
18
69
108
67
163
36
140
93
117
170
0
153
183
89
76
23
186
114
64
73
132
144
155
61
9
62
102
49
138
32
3
178
106
185
40
119
8
165
39
95
7
