189
99
121
182
136
180
173
154
158
53
100
26
150
101
1
97
152
74
125
87
2
82
120
44
25
78
145
168
31
13
56
16
88
171
113
50
188
157
17
81
187
174
169
196
91
179
55
52
178
3
106
185
40
119
8
165
39
90
107
27
71
58
164
7
21
132
144
155
32
138
49
102
61
62
9
33
37
148
167
111
124
130
12
137
23
186
64
114
83
89
183
153
0
170
117
93
140
36
163
67
108
69
18
159
195
146
103
181
192
160
48
30
54
147
104
177
10
190
4
112
156
29
126
35
11
184
28
166
131
149
47
65
116
105
77
43
42
5
96
41
193
115
198
139
191
110
68
46
60
118
59
72
109
51
141
66
176
151
45
162
161
133
63
94
19
