117
93
140
36
67
163
108
69
18
20
22
146
103
181
192
160
48
30
54
147
104
177
10
190
4
112
126
156
29
127
70
6
154
158
53
136
180
173
194
161
24
149
131
11
184
28
166
77
47
65
116
105
43
42
5
96
41
193
159
142
191
139
110
68
46
198
115
59
118
72
51
109
60
141
66
176
80
94
130
12
124
111
167
148
37
33
9
62
61
102
49
144
155
14
32
138
39
165
8
119
40
185
106
3
178
52
55
57
92
82
2
87
125
74
152
1
97
19
189
99
121
100
26
101
150
120
44
25
78
145
179
91
168
31
13
56
16
88
171
113
50
188
157
17
196
169
81
187
174
90
107
27
71
58
164
7
21
132
73
64
114
186
23
76
89
183
143
170
0
