154
158
53
180
136
182
121
99
189
19
152
74
125
87
1
97
26
100
101
150
120
44
25
16
88
171
113
56
188
85
13
31
157
168
78
145
91
179
92
82
129
55
52
106
178
3
8
185
119
40
169
196
81
187
174
90
107
27
165
39
95
58
164
7
21
132
73
64
114
83
89
183
76
23
186
15
144
155
14
138
32
49
102
61
62
9
33
37
148
167
111
124
12
130
94
63
133
162
161
24
149
131
47
65
116
105
77
166
11
184
28
160
192
42
5
96
115
59
118
72
109
51
66
141
60
46
68
0
170
117
93
140
36
67
108
69
163
110
139
191
41
193
159
195
146
103
34
48
30
54
147
104
177
10
190
4
112
126
156
29
127
194
6
