157
17
196
169
40
119
185
8
165
39
138
14
155
144
102
49
32
3
178
106
52
55
179
91
145
168
78
25
44
120
82
2
87
125
74
152
97
1
101
150
26
100
121
99
189
19
94
130
12
124
111
167
148
37
33
9
62
61
15
186
23
137
176
66
141
60
109
51
151
133
63
182
136
53
158
180
173
6
194
127
29
156
126
112
131
149
24
161
162
72
118
59
116
65
47
105
77
166
28
184
11
84
4
190
10
177
104
147
54
30
48
160
192
181
103
146
195
159
193
41
96
115
191
110
139
198
46
68
163
69
108
67
36
140
93
117
170
0
153
183
89
83
114
64
73
132
21
7
164
58
71
27
107
90
174
187
81
98
188
50
113
171
88
16
56
13
31
