28
166
131
149
77
105
47
65
116
96
5
42
192
160
48
147
54
30
34
103
146
22
20
18
108
69
199
159
193
41
191
139
110
163
67
36
140
93
117
170
0
68
46
198
115
59
118
60
141
137
76
183
89
23
186
114
64
15
61
9
62
102
49
155
14
32
138
144
132
21
7
164
58
27
107
90
174
187
81
17
157
188
50
113
171
88
16
56
13
31
168
78
145
179
91
196
169
185
40
119
165
8
3
178
106
52
55
57
92
82
44
120
150
101
1
100
26
97
152
74
125
87
167
111
33
37
148
12
130
124
94
19
189
99
121
182
136
53
158
180
173
63
80
176
66
51
109
72
162
161
194
6
70
127
123
24
29
156
126
112
4
190
10
177
11
184
