55
179
91
196
169
40
119
185
8
165
39
95
7
164
58
71
27
107
90
174
187
81
17
157
188
50
113
171
88
16
56
13
31
168
78
25
44
120
82
129
172
167
111
87
125
74
152
97
1
101
150
26
100
121
99
189
19
94
124
12
130
63
173
180
136
53
158
154
6
194
127
29
156
126
112
24
161
162
133
80
176
66
141
60
109
51
72
118
59
116
65
47
105
77
149
131
166
28
184
11
84
4
190
10
177
104
147
54
30
48
160
192
181
103
146
22
159
193
41
96
115
191
110
139
198
46
68
163
69
108
67
36
140
93
117
170
0
153
183
89
76
23
186
114
64
15
61
62
9
37
33
102
49
155
144
14
138
32
3
178
106
52
