29
127
194
6
173
180
158
53
136
182
121
99
189
19
94
130
12
124
111
167
87
125
74
152
1
97
26
100
101
150
120
82
92
179
91
145
168
78
25
44
16
88
171
113
56
188
85
13
31
157
17
196
169
174
81
187
90
107
27
71
58
164
7
95
39
165
8
119
40
185
106
178
3
32
138
14
144
155
49
102
33
37
9
62
61
15
64
114
83
89
183
76
23
137
141
60
118
59
72
109
51
66
176
80
133
162
161
24
149
131
47
65
116
105
77
43
42
5
96
41
193
191
110
139
198
46
68
0
170
117
93
140
36
67
163
108
69
18
199
159
195
146
103
160
48
30
54
147
104
177
10
190
184
28
166
11
84
4
112
126
156
