9
33
37
148
12
130
94
124
111
167
128
49
102
155
144
14
138
32
3
178
106
52
55
57
92
78
168
145
179
91
196
169
40
119
185
8
165
39
95
7
164
58
71
27
107
90
174
187
81
17
157
31
13
85
188
56
113
171
88
16
25
44
120
82
2
150
101
1
100
26
97
87
125
74
152
19
189
99
121
182
136
53
158
180
173
6
194
127
29
156
126
112
24
161
162
72
66
141
51
109
59
118
60
46
198
139
191
110
142
159
193
41
96
116
65
47
105
77
149
131
166
28
184
11
84
4
190
10
177
104
147
54
30
48
160
192
181
103
146
22
20
18
69
108
67
163
36
140
93
117
170
0
153
183
89
76
23
186
114
64
15
61
62
