89
76
23
186
114
64
15
61
144
155
14
138
21
7
164
58
71
27
107
90
174
187
81
196
169
40
119
165
8
185
91
179
145
78
168
157
31
13
85
188
56
113
171
88
16
25
44
120
82
92
57
55
52
106
178
3
32
49
102
62
9
33
37
148
167
111
124
12
130
94
189
19
152
74
125
87
1
101
150
26
100
99
121
182
136
53
158
180
173
6
194
127
29
156
126
112
131
149
24
161
162
133
80
176
66
141
60
109
51
72
118
59
116
65
47
105
77
166
28
184
11
84
4
190
10
177
104
147
54
30
48
160
192
181
103
146
195
159
193
41
96
115
191
110
139
198
46
68
163
69
108
67
36
140
93
117
170
0
153
183
