27
71
58
164
7
95
39
165
8
138
32
3
178
106
185
119
40
169
196
91
179
52
55
57
92
82
129
172
167
111
148
37
33
9
62
61
102
49
155
144
132
73
64
114
83
89
183
76
23
137
176
66
141
60
109
51
72
118
59
116
65
47
105
77
131
149
166
11
184
28
160
192
42
5
96
41
193
159
110
191
139
198
46
68
0
170
117
93
140
36
163
67
108
69
18
20
22
146
103
34
48
30
54
147
104
177
10
190
4
112
126
156
29
127
194
6
154
158
53
121
99
182
136
180
173
63
12
130
124
94
189
19
152
74
125
87
1
97
26
100
101
150
120
44
25
78
145
168
31
13
16
88
171
113
56
188
157
17
81
187
174
90
107
