132
144
155
14
138
32
3
178
49
102
61
62
9
33
37
148
12
130
94
124
111
167
128
52
55
179
91
145
78
168
196
169
40
119
185
8
165
39
95
7
164
58
71
27
107
90
174
187
81
17
157
31
13
85
188
56
113
171
88
16
25
44
120
82
2
150
101
100
26
97
1
87
125
74
152
19
189
99
121
182
136
53
158
180
154
6
194
161
162
133
80
176
66
141
51
109
72
59
118
60
46
198
139
191
110
142
159
193
41
96
5
42
28
184
11
166
77
105
116
65
47
131
149
24
29
156
126
112
4
190
10
177
104
147
54
30
48
160
192
181
103
146
22
20
18
69
108
163
67
36
140
93
117
170
0
153
183
89
76
23
186
114
64
73
