171
88
16
168
145
78
25
44
120
82
2
87
125
74
152
97
1
101
150
100
26
19
189
99
121
53
158
136
182
63
94
124
130
12
176
66
51
109
141
60
118
59
72
162
161
194
173
180
154
6
70
127
123
24
29
156
126
112
4
190
10
177
104
147
54
30
48
160
28
184
11
166
131
149
47
65
116
105
77
43
42
5
96
115
198
46
68
110
139
191
41
193
159
195
103
146
22
20
18
69
108
67
163
36
140
93
117
170
0
153
183
89
76
23
186
114
64
73
132
155
144
61
62
9
33
37
148
111
167
128
49
32
3
178
106
52
55
179
91
185
40
119
8
165
39
95
7
164
58
71
27
107
90
174
187
81
169
196
17
157
31
13
85
188
56
113
