8
138
32
3
178
49
102
144
155
14
39
90
107
27
71
58
164
7
21
132
73
64
114
83
89
183
76
23
186
15
61
62
9
33
37
148
167
111
124
94
130
12
176
66
51
109
141
0
170
117
93
140
36
67
163
108
69
18
20
22
146
103
34
30
54
177
10
190
104
147
48
160
192
42
5
96
41
193
159
142
191
139
110
68
46
198
115
60
118
72
59
65
116
105
77
166
28
184
11
131
149
24
126
112
156
29
127
70
6
154
180
173
194
161
162
133
63
182
136
158
53
121
99
189
19
26
100
150
101
1
97
152
74
125
87
2
82
120
44
25
16
88
171
113
56
188
85
13
31
157
168
78
145
179
91
169
196
81
187
174
40
119
165
