179
92
172
167
111
124
94
130
12
148
37
33
9
62
61
144
155
102
49
138
32
3
178
106
185
40
119
8
165
39
90
107
27
71
58
164
7
21
132
73
64
114
186
23
76
89
183
153
0
170
117
93
140
68
110
191
139
198
46
115
96
5
42
192
181
159
193
41
142
69
163
67
108
18
20
22
146
103
160
48
30
54
147
104
177
10
190
4
84
11
184
28
166
131
149
77
105
47
65
116
59
72
118
60
141
109
51
66
176
80
133
162
161
24
112
126
156
29
127
194
6
173
180
158
53
136
182
121
99
189
19
100
26
97
1
101
150
152
74
125
87
2
82
120
44
25
16
88
171
113
50
188
56
13
31
78
145
168
157
17
81
187
174
169
196
91
