12
130
124
94
189
19
152
74
125
87
2
82
92
57
55
52
106
178
3
32
138
49
102
155
144
61
62
9
128
167
111
148
37
33
15
114
64
73
132
21
7
164
58
71
27
107
90
39
165
8
119
40
185
91
179
145
78
168
196
169
174
187
81
157
188
85
31
13
56
113
171
88
16
25
44
120
150
101
1
97
26
100
99
121
53
158
180
154
6
194
127
29
156
126
112
24
161
162
72
118
59
115
96
5
42
43
77
105
116
65
47
149
131
166
28
184
11
84
4
190
10
177
104
147
54
30
48
160
103
146
22
20
18
69
108
67
163
159
193
41
191
110
139
198
46
68
140
93
117
170
0
153
183
89
76
23
137
51
109
60
141
66
176
