195
159
193
41
191
110
139
198
46
68
163
69
108
67
36
140
93
117
170
0
153
183
89
76
23
186
114
64
15
61
9
62
102
49
155
14
32
138
144
132
21
7
164
58
27
107
90
174
187
81
17
157
188
50
113
171
88
16
56
13
31
168
78
145
179
91
196
169
185
40
119
165
8
3
178
106
52
55
57
92
82
44
120
150
101
100
26
97
1
152
74
125
87
167
111
33
37
148
137
141
66
51
109
72
118
59
116
65
47
105
77
43
96
5
42
28
184
11
166
131
149
24
161
162
133
63
130
12
124
94
19
189
99
121
182
136
53
158
180
173
6
194
127
29
156
126
112
4
190
10
177
104
147
54
30
48
160
192
181
103
146
