60
141
137
23
186
64
114
83
89
183
153
0
170
117
93
140
36
67
163
108
69
18
20
22
146
103
195
159
193
41
191
139
110
68
46
198
115
96
5
42
43
77
105
116
65
47
149
131
166
11
184
28
160
48
30
54
147
104
177
10
190
4
112
126
156
29
24
161
194
6
154
180
158
53
121
99
100
26
97
1
101
150
120
44
25
16
88
171
113
56
13
31
85
188
157
81
187
174
169
196
168
78
145
179
91
185
40
119
8
165
39
90
107
27
71
58
164
7
21
132
144
155
61
62
9
33
37
148
111
167
128
49
138
32
3
178
106
52
55
57
92
82
2
87
125
74
152
19
189
94
124
130
12
176
66
51
109
72
59
118
