96
5
42
43
77
105
116
65
47
131
149
24
161
194
6
173
180
158
53
136
182
121
99
189
19
152
74
125
87
1
97
26
100
101
150
120
44
25
16
88
171
113
56
188
85
13
31
157
17
81
187
174
90
107
27
71
58
164
7
95
39
165
8
185
119
40
169
196
91
179
145
168
78
82
92
57
55
52
106
178
3
32
138
14
144
155
102
49
128
167
111
148
37
33
9
62
61
15
64
114
186
23
89
183
76
137
12
130
124
94
80
176
66
141
60
109
51
72
118
59
115
198
139
191
110
68
46
0
170
117
93
140
36
67
163
108
69
18
199
41
193
159
195
146
103
34
48
30
54
147
104
177
10
190
4
112
156
29
126
35
11
166
28
184
160
192
