5
42
43
77
105
116
65
47
149
131
166
28
184
11
35
126
29
156
112
4
190
10
177
104
147
54
30
48
160
103
146
22
20
18
69
108
163
67
36
140
93
117
170
143
183
89
83
114
64
15
61
62
9
33
37
148
12
130
94
124
111
167
172
92
78
168
145
179
91
55
52
106
178
3
32
49
102
155
144
14
138
8
185
40
119
165
39
95
7
164
58
71
27
107
90
187
81
174
169
196
17
157
31
13
85
188
56
113
171
88
16
25
44
120
82
2
87
125
74
152
97
1
101
150
100
26
19
189
99
121
182
136
53
158
180
173
6
194
161
162
72
51
109
59
118
60
141
137
23
76
153
0
68
46
198
139
191
110
142
159
193
41
96
