52
106
178
3
32
138
14
144
155
49
102
33
37
9
62
61
15
64
114
186
23
76
89
183
153
0
170
117
93
140
36
67
108
69
163
68
46
198
139
110
191
115
96
41
193
159
22
146
103
181
192
160
48
30
54
147
104
177
10
190
4
84
11
184
28
166
131
149
77
105
47
65
116
59
118
72
51
109
60
141
66
176
80
133
162
161
24
112
126
156
29
127
194
6
154
158
53
136
180
173
63
130
12
124
94
19
189
99
121
100
26
150
101
1
97
152
74
125
87
111
167
172
129
82
120
44
25
78
168
31
13
56
16
88
171
113
50
188
157
17
81
187
174
90
107
27
71
58
164
7
95
39
165
8
185
119
40
169
196
91
179
55
