155
102
49
138
32
3
178
106
185
40
119
8
165
39
95
7
164
58
71
27
107
90
174
187
81
169
196
17
157
188
50
113
171
88
16
56
13
31
168
78
145
91
179
92
82
44
120
2
87
125
74
152
97
1
101
150
26
100
121
99
189
19
94
130
12
124
111
167
148
37
33
9
62
61
15
186
23
137
176
66
141
51
109
60
118
59
72
162
161
194
173
180
136
53
158
154
6
70
127
123
24
29
156
126
112
4
190
10
177
104
147
54
30
48
160
192
96
5
42
28
184
11
166
131
149
77
105
47
65
116
115
198
46
68
110
139
191
41
193
159
195
103
146
22
20
18
69
108
163
67
36
140
93
117
170
0
153
183
89
83
114
64
73
132
144
