49
128
167
111
152
74
125
87
2
82
92
57
55
52
179
91
196
169
40
119
185
8
165
39
95
7
164
58
71
27
107
90
174
187
81
17
157
168
145
78
31
13
85
188
56
113
171
88
16
25
44
120
150
101
1
97
26
100
19
189
99
121
182
136
53
158
180
173
6
194
161
24
29
156
126
112
35
11
84
4
190
10
177
104
147
54
30
48
160
184
28
166
131
149
77
47
65
116
105
43
42
5
96
115
198
46
68
110
139
191
41
193
159
195
103
146
22
20
18
69
108
163
67
36
140
93
117
170
0
153
183
89
76
23
137
60
118
59
72
109
51
141
66
176
94
124
130
12
148
37
33
9
62
61
15
114
64
73
132
144
155
14
138
32
3
178
