193
159
22
146
103
181
96
5
42
192
160
48
30
54
147
104
177
10
190
184
28
166
11
84
4
112
126
156
29
127
194
6
173
180
158
53
136
182
121
99
100
26
150
101
1
87
125
74
152
19
189
94
124
12
130
63
133
151
72
162
161
24
149
131
77
105
47
65
116
115
198
46
60
118
59
109
51
141
66
176
137
23
186
15
33
37
148
111
167
128
9
62
61
102
49
32
3
178
106
52
55
57
92
82
120
44
25
16
88
171
113
56
188
85
13
31
157
168
78
145
179
91
185
8
165
119
40
169
196
81
187
174
90
107
27
71
58
164
7
21
138
14
155
144
132
73
64
114
83
89
183
153
0
170
117
93
140
36
67
108
69
163
110
139
191
41
