108
67
36
140
93
117
170
0
153
183
89
76
23
186
114
64
73
132
21
7
164
58
71
27
107
90
174
187
81
196
169
91
179
185
40
119
165
8
138
32
3
178
49
102
155
144
61
62
9
33
37
148
12
130
94
124
111
167
128
52
55
57
92
82
78
145
168
157
31
13
85
188
56
113
171
88
16
25
44
120
2
87
125
74
152
97
1
101
150
100
26
19
189
99
121
182
136
53
158
180
173
6
194
127
29
156
126
112
4
190
10
177
104
147
54
30
48
160
28
184
11
166
77
105
116
65
47
131
149
24
161
162
59
118
72
51
109
141
60
46
68
110
139
191
193
41
96
5
42
192
181
103
146
22
159
163
69
