92
57
55
52
185
40
119
90
107
27
71
58
164
7
95
39
165
8
106
178
3
32
138
14
132
73
64
114
15
144
155
49
102
61
62
9
33
37
148
167
111
124
94
130
12
137
23
76
89
183
153
0
170
117
93
140
36
163
67
108
69
18
20
22
146
103
34
48
30
54
147
104
177
10
190
4
84
11
166
184
28
160
192
42
5
96
41
193
159
142
110
191
139
198
46
60
109
51
141
66
176
80
133
161
162
72
118
59
116
65
47
105
77
131
149
24
126
156
29
127
194
6
173
180
158
53
136
182
121
99
189
19
26
100
150
101
1
97
152
74
125
87
2
120
44
25
16
88
171
113
56
188
85
13
31
157
17
81
187
174
169
196
91
179
145
168
78
82
