82
92
57
55
52
106
178
3
32
138
14
144
155
49
102
61
62
9
33
37
148
167
111
124
12
130
94
189
19
152
74
125
87
1
101
150
26
100
99
121
53
158
136
182
63
176
66
141
60
109
51
72
118
59
115
96
5
42
28
184
11
166
77
105
116
65
47
131
149
24
161
194
173
180
154
6
70
127
29
156
126
112
4
190
10
177
104
147
54
30
48
160
192
181
103
146
195
159
193
41
199
18
69
108
67
163
36
140
93
68
110
191
139
198
46
0
170
143
183
89
76
23
186
114
64
73
132
21
7
164
58
71
27
107
90
39
165
8
185
119
40
174
187
81
196
169
91
179
145
78
168
157
31
13
85
188
56
113
171
88
16
25
44
120
