22
20
18
69
108
67
163
36
140
93
117
170
0
68
46
60
141
137
76
183
89
23
186
114
64
15
61
9
62
102
49
155
14
32
138
144
132
21
7
164
58
27
107
90
174
187
81
17
157
188
50
113
171
88
16
56
13
31
168
78
145
179
91
196
169
185
40
119
165
8
3
178
106
52
55
57
92
82
44
120
150
100
26
101
1
97
152
74
125
87
167
111
33
37
148
12
130
124
94
19
189
99
121
182
136
63
80
176
66
51
109
118
59
72
162
161
194
173
180
53
158
154
6
70
127
123
24
29
156
126
112
4
84
11
184
190
10
177
104
147
54
30
48
160
192
96
5
42
28
166
131
149
77
47
65
105
116
115
198
139
191
110
41
193
159
195
103
146
