181
192
160
48
30
54
147
104
177
10
190
4
84
11
184
28
166
42
5
96
43
77
105
116
65
47
131
149
24
126
112
156
29
127
194
6
173
180
158
53
136
182
121
99
100
26
150
101
1
97
189
19
152
74
125
87
2
120
44
82
145
168
78
16
88
171
113
56
188
85
13
31
157
17
81
187
174
169
196
91
179
55
52
167
128
3
178
106
185
40
119
90
107
27
71
58
164
7
95
39
165
8
138
32
49
102
155
144
132
73
64
114
83
89
183
76
23
186
15
61
62
9
33
37
148
111
12
130
124
94
63
133
161
162
45
151
176
66
51
109
141
60
118
72
59
115
198
46
68
0
170
117
93
140
36
67
163
110
139
191
41
193
159
199
69
108
18
20
22
146
103
