14
155
144
132
73
64
114
15
61
62
9
33
37
148
12
130
124
94
176
66
141
51
109
72
59
118
60
137
23
76
89
183
153
0
170
117
93
140
36
67
163
108
69
18
20
22
146
103
195
159
193
41
191
139
110
68
46
198
115
96
5
42
43
105
116
65
47
77
149
131
166
28
184
160
48
30
54
147
104
177
10
190
4
84
11
35
112
126
156
29
24
161
194
6
173
180
158
53
136
182
121
99
189
19
100
26
97
1
101
150
120
44
25
16
88
171
113
56
188
85
13
31
78
145
168
157
17
81
187
174
90
107
27
71
58
164
7
95
39
165
8
185
119
40
169
196
91
179
52
55
57
92
82
2
87
125
74
152
111
167
128
49
178
3
32
138
