178
106
185
8
119
40
169
196
81
187
174
90
107
27
165
39
95
58
164
7
21
132
73
64
114
186
23
76
89
183
153
0
170
117
93
140
36
67
163
108
69
18
20
22
146
103
195
159
193
41
191
139
110
68
46
60
118
59
109
51
141
66
72
162
161
24
149
131
47
65
116
105
77
166
11
184
28
42
5
96
192
160
48
30
54
147
104
177
10
190
4
112
126
156
29
127
194
6
173
180
158
53
136
182
121
99
189
19
26
100
150
101
1
97
152
74
125
87
2
82
120
44
25
16
88
171
113
56
188
85
13
31
157
168
78
145
91
179
92
172
167
111
124
94
130
12
148
37
33
9
62
61
102
49
144
155
14
138
32
3
