193
41
96
5
42
43
105
116
65
47
77
131
149
24
35
11
184
28
160
48
30
54
147
104
177
10
190
4
112
126
156
29
127
194
6
173
180
158
53
136
182
121
99
189
19
26
100
150
101
1
97
152
74
125
87
2
82
120
44
25
16
88
171
113
56
188
85
13
31
157
168
78
145
179
91
169
196
81
187
174
90
107
27
71
58
164
7
95
39
165
119
40
185
8
138
14
155
144
132
73
64
114
83
89
183
76
23
186
15
61
9
62
102
49
32
3
178
106
52
55
167
33
37
148
111
124
12
130
94
80
176
66
141
109
51
72
59
118
60
115
191
110
139
198
46
68
0
170
117
93
140
36
163
67
108
69
18
20
22
146
103
195
159
