62
61
15
64
114
186
23
76
89
183
153
0
170
117
93
140
36
163
67
108
69
18
20
22
146
103
181
192
160
48
30
54
147
104
177
10
190
4
84
11
184
28
166
131
149
77
105
47
65
116
96
41
193
159
142
110
191
139
198
46
60
118
59
109
51
141
66
72
162
161
24
112
126
156
29
127
194
6
173
180
158
53
136
182
121
99
189
19
152
74
125
87
97
26
100
1
101
150
2
82
120
44
25
16
88
171
113
56
188
85
13
31
157
17
81
187
174
90
107
27
71
58
164
7
95
39
165
8
185
119
40
169
196
91
179
145
168
78
92
57
55
52
106
178
3
32
138
14
144
155
102
49
128
167
111
124
94
130
12
148
37
33
9
