59
118
72
162
161
194
173
180
154
6
70
127
29
156
126
112
4
190
10
177
11
184
28
166
149
131
65
47
77
105
116
43
192
160
48
147
54
30
34
103
146
181
42
5
96
41
193
159
142
191
139
110
163
69
108
67
36
140
93
117
170
0
153
183
89
23
186
114
64
15
61
62
9
37
33
102
49
178
3
32
138
14
155
144
132
21
7
164
58
71
27
107
90
39
165
8
185
119
40
174
187
81
169
196
17
157
188
50
113
171
88
16
56
13
31
168
78
145
179
91
52
55
57
92
25
44
120
82
129
172
167
111
124
12
130
94
19
189
99
121
100
26
97
152
74
125
87
1
101
150
86
158
53
136
182
63
80
176
66
141
51
109
60
46
198
115
