133
63
94
124
130
12
176
66
51
109
72
118
59
116
65
47
105
77
149
131
166
28
184
11
84
4
190
10
177
104
147
54
30
48
160
192
181
103
146
22
20
18
69
108
67
163
110
139
191
142
159
193
41
96
115
198
46
68
140
93
117
170
0
60
141
137
23
76
183
89
83
114
64
15
61
62
9
33
37
148
111
167
128
55
52
106
178
3
32
49
102
144
155
14
138
21
7
164
58
71
27
107
90
39
165
8
185
119
40
169
174
187
81
196
17
157
168
91
179
145
78
31
13
85
188
56
113
171
88
16
25
44
120
82
2
87
125
74
152
19
189
97
1
101
150
26
100
99
121
182
136
53
158
180
173
6
194
127
29
156
126
112
24
161
162
