136
180
154
6
194
127
29
156
126
112
4
190
10
177
104
147
54
30
48
160
192
181
103
146
22
20
18
69
108
67
163
36
140
93
117
170
0
68
46
198
139
191
110
159
193
41
96
5
42
28
184
11
166
77
105
116
65
47
131
149
24
161
162
72
59
118
60
109
51
141
66
176
137
76
183
89
23
186
114
64
73
132
21
7
164
58
71
27
107
90
174
187
81
17
157
31
13
85
188
56
113
171
88
16
25
44
120
82
78
168
145
179
91
196
169
40
119
165
8
185
106
178
3
32
138
14
144
155
49
102
61
62
9
37
33
167
111
12
130
124
94
19
189
99
121
100
26
97
152
74
125
87
1
101
150
86
158
53
