1
100
26
97
87
125
74
152
19
189
94
124
12
130
63
133
162
161
194
173
180
136
182
99
121
53
158
154
6
70
127
123
24
29
156
126
112
4
190
10
177
104
147
54
30
48
34
103
146
181
192
160
184
11
166
28
77
131
149
47
65
105
116
59
118
72
109
51
66
141
60
115
96
41
193
159
142
110
191
139
198
46
68
163
69
108
67
36
140
93
117
170
0
153
183
89
76
23
186
114
64
73
132
144
155
49
102
61
62
9
33
37
148
111
167
128
55
52
106
178
3
32
138
8
185
40
119
165
39
95
7
164
58
71
27
107
90
174
187
81
196
169
91
179
145
78
168
157
31
13
85
188
56
113
171
88
16
25
44
120
82
2
150
101
