166
28
77
105
116
65
47
131
149
24
161
162
133
80
176
66
51
109
72
59
118
60
141
137
23
76
183
89
83
114
64
15
61
62
9
37
33
102
49
155
144
14
138
32
3
178
106
185
40
119
8
165
39
95
7
164
58
71
27
107
90
187
81
174
169
196
17
157
31
13
85
188
56
113
171
88
16
44
25
78
168
145
91
179
92
82
120
150
101
100
26
97
1
152
74
125
87
167
111
124
12
130
94
19
189
99
121
182
136
53
158
180
173
6
194
127
29
156
126
112
4
190
10
177
104
147
54
30
48
34
103
146
195
159
193
41
191
139
110
163
69
108
67
36
140
93
117
170
0
46
198
115
96
5
42
192
160
184
11
