72
59
118
60
109
51
66
141
46
198
115
116
65
47
105
77
149
131
166
28
184
11
84
4
190
10
177
104
147
54
30
48
160
103
146
181
192
42
5
96
41
193
159
142
191
139
110
163
69
108
67
36
140
93
117
170
0
153
183
89
76
23
186
114
64
15
61
9
62
102
49
155
144
14
138
32
3
178
106
8
165
39
95
7
164
58
71
27
107
90
174
187
81
196
169
40
119
185
52
55
179
91
145
78
168
157
31
13
85
188
56
113
171
88
16
25
44
120
82
2
87
125
74
152
97
1
101
150
26
100
121
99
189
19
94
124
111
167
33
37
148
12
130
63
173
180
136
53
158
154
6
194
127
29
156
126
112
24
161
162
