180
173
6
194
127
29
156
126
24
149
131
77
105
47
65
116
96
5
42
43
166
28
184
11
84
4
190
10
177
104
147
54
30
48
160
192
181
103
146
22
20
18
108
69
199
159
193
41
191
139
110
163
67
36
140
93
117
170
0
68
46
198
115
59
118
60
141
66
51
109
72
162
161
133
63
136
182
121
99
189
19
152
74
94
130
12
124
111
167
128
55
52
106
178
3
32
138
49
102
155
144
61
62
9
33
37
148
15
186
23
76
183
89
83
114
64
73
132
21
7
164
58
71
27
107
90
39
165
8
185
119
40
174
187
81
196
169
91
179
145
78
168
157
31
13
85
188
56
113
171
88
16
25
44
120
82
2
87
1
101
150
26
100
53
158
