137
12
130
94
124
111
148
37
33
9
62
61
102
49
155
144
15
114
64
73
132
14
138
32
3
178
128
167
52
55
57
92
78
168
145
179
91
196
169
185
40
119
8
165
39
95
7
164
58
71
27
107
90
174
187
81
17
157
31
13
85
188
56
113
171
88
16
25
44
120
82
2
87
125
74
152
97
1
101
150
100
26
19
189
99
121
182
136
53
158
180
173
63
80
176
66
141
51
109
60
118
59
72
162
161
194
6
70
127
123
24
29
156
126
112
4
190
10
177
104
147
54
30
48
160
28
184
11
166
131
149
77
105
47
65
116
96
5
42
192
181
103
146
22
20
18
69
108
67
163
159
193
41
191
110
139
198
46
68
140
93
117
170
0
153
183
89
76
23
