144
132
73
64
114
83
89
183
153
0
170
117
93
140
36
67
163
108
69
18
20
22
146
103
195
159
193
41
191
139
110
68
46
198
115
116
65
47
105
77
149
131
166
11
184
28
42
5
96
192
160
48
30
54
147
104
177
10
190
4
112
126
156
29
24
123
127
70
6
154
158
53
136
180
173
194
161
162
72
59
118
60
109
51
141
66
176
137
23
186
15
61
62
9
33
37
148
167
111
124
12
130
94
19
189
99
121
100
26
150
101
1
97
152
74
125
87
2
120
44
82
92
179
91
145
78
168
31
13
56
16
88
171
113
50
188
157
17
196
169
81
187
174
90
107
27
71
58
164
7
95
39
165
8
119
40
185
106
178
3
32
138
49
102
155
