112
126
156
29
24
161
162
133
63
182
136
180
173
6
154
158
53
121
99
100
26
97
1
101
150
120
44
25
16
88
171
113
56
13
31
85
188
157
81
187
174
169
196
168
78
145
179
91
185
40
119
8
165
39
90
107
27
71
58
164
7
21
132
73
64
114
83
89
183
76
23
186
15
148
37
33
9
62
61
144
155
102
49
138
32
3
178
106
52
55
128
167
111
172
129
82
2
87
125
74
152
19
189
94
124
130
12
176
66
141
60
109
51
72
118
59
116
105
65
47
149
131
77
43
42
5
96
41
193
191
110
139
198
46
68
0
170
117
93
140
36
67
163
108
69
18
199
159
195
146
103
160
48
30
54
147
104
177
10
190
184
28
166
11
84
4
