30
48
160
192
181
103
146
22
20
18
108
69
199
159
193
41
96
115
191
110
139
198
46
68
163
67
36
140
93
117
170
0
153
183
89
76
23
186
114
64
73
132
144
155
61
9
62
102
49
178
3
32
138
8
185
40
119
165
39
95
7
164
58
71
27
107
90
174
187
81
169
196
17
157
188
50
113
171
88
16
56
13
31
168
78
145
179
91
52
55
57
92
25
44
120
82
129
172
167
33
37
148
111
87
125
74
152
97
1
101
150
26
100
121
99
189
19
94
124
12
130
63
182
136
53
158
180
173
6
194
127
29
156
126
112
24
161
162
133
80
176
66
141
60
109
51
72
118
59
116
65
47
105
77
149
131
166
11
28
184
84
4
190
10
177
104
147
54
