81
98
188
50
113
171
88
16
56
13
31
157
17
196
169
91
179
145
168
78
82
44
120
2
87
125
74
152
97
1
101
150
100
26
19
189
99
121
53
158
136
182
63
133
162
161
194
173
180
154
6
70
127
29
156
112
126
24
149
131
11
184
28
166
77
105
47
65
116
59
72
118
60
115
198
46
68
110
139
191
142
159
193
41
96
5
42
192
160
48
147
104
190
10
177
54
30
34
103
146
22
20
18
69
108
163
67
36
140
93
117
170
0
153
183
89
83
64
114
186
23
137
141
109
51
66
176
12
130
94
124
148
37
33
111
167
128
55
52
106
178
3
32
49
102
62
9
61
144
155
14
138
21
7
164
58
71
27
107
90
39
165
8
185
40
119
174
187
