94
130
12
124
111
167
148
37
33
9
62
61
102
49
155
144
14
138
32
3
178
106
52
55
179
91
185
8
40
119
165
39
95
7
164
58
71
27
107
90
187
81
174
169
196
17
157
188
50
113
171
88
16
56
13
31
168
145
78
25
44
120
82
2
87
125
74
152
97
1
101
150
100
26
19
189
99
121
182
136
53
158
180
173
6
194
127
29
156
126
112
24
161
162
72
118
59
115
193
41
96
5
42
43
105
116
65
47
77
149
131
166
28
184
11
84
4
190
10
177
104
147
54
30
48
160
192
181
103
146
195
159
18
69
108
67
163
110
191
139
198
46
68
140
93
117
170
0
153
183
89
83
114
64
186
23
137
141
60
109
51
66
176
80
