46
68
139
191
110
163
69
108
67
36
140
93
117
170
0
153
183
89
76
23
186
114
64
15
61
9
62
102
49
178
3
32
138
14
155
144
132
21
7
164
58
71
27
107
90
39
165
8
185
119
40
169
196
174
187
81
17
157
31
13
85
188
56
113
171
88
16
25
44
120
82
78
168
145
91
179
55
52
128
167
33
37
148
111
152
74
125
87
150
101
1
97
26
100
53
158
154
173
180
136
182
121
99
189
19
94
124
12
130
176
66
141
60
109
51
151
133
194
6
70
127
29
156
126
112
24
161
162
72
118
59
116
65
47
105
77
149
131
166
28
184
11
84
4
190
10
177
104
147
54
30
48
160
192
181
103
146
195
159
193
41
96
115
198
