111
124
12
130
94
19
189
99
121
100
26
97
152
74
125
87
1
101
150
86
53
158
154
173
180
136
182
63
80
176
66
141
51
109
60
118
59
72
162
161
194
6
70
127
123
24
29
156
126
112
4
190
10
177
104
147
54
30
48
160
192
96
5
42
43
77
166
28
184
11
131
149
47
65
105
116
115
46
198
139
110
191
41
193
159
195
103
146
22
20
18
69
108
67
163
36
140
93
117
170
0
153
183
89
76
23
186
114
64
15
148
37
33
9
62
61
144
155
102
49
178
3
32
138
8
185
40
119
165
39
95
7
164
58
71
27
107
90
174
187
81
169
196
17
157
31
13
85
188
56
113
171
88
16
168
91
179
145
78
25
44
120
82
92
57
55
52
128
167
