162
161
24
149
131
47
65
116
105
77
166
11
184
28
42
5
96
41
193
159
110
191
139
198
46
68
0
170
117
93
140
36
163
67
108
69
18
20
22
146
103
181
192
160
48
30
54
147
104
177
10
190
4
112
126
156
29
127
194
6
173
180
158
53
100
26
150
101
1
87
2
82
120
44
25
16
88
171
113
56
188
85
13
31
157
168
78
145
179
91
169
196
81
187
174
119
40
185
8
165
39
90
107
27
71
58
164
7
21
132
73
64
114
83
89
183
76
23
186
15
148
37
33
9
62
61
144
155
102
49
138
32
3
178
106
52
55
128
167
111
124
12
130
94
74
152
19
189
99
121
182
136
63
80
176
66
141
51
109
60
118
59
72
