91
196
169
174
187
81
17
157
168
145
78
31
13
56
188
50
113
171
88
16
25
44
120
82
2
87
125
74
152
150
101
1
97
26
100
19
189
99
121
182
136
53
158
180
173
6
194
127
29
156
126
112
24
161
162
133
80
176
66
51
109
141
60
118
72
59
116
65
47
105
77
149
131
166
28
184
11
84
4
190
10
177
104
147
54
30
48
160
103
146
22
20
18
108
67
163
69
142
41
193
159
181
192
42
5
96
115
46
198
139
191
110
68
140
93
117
170
0
153
183
89
76
23
186
114
64
73
132
21
7
164
58
71
27
107
90
39
165
8
119
40
185
106
178
3
32
138
49
102
155
144
61
62
9
33
37
148
12
130
94
124
111
167
172
92
179
