4
190
10
177
104
147
54
30
48
160
192
96
5
42
28
184
11
166
131
149
77
105
47
65
116
59
118
72
109
51
66
141
60
46
198
139
191
110
41
193
159
195
103
146
22
20
18
69
108
163
67
36
140
93
117
170
0
153
183
89
76
23
186
114
64
15
61
9
62
102
49
155
144
132
21
7
164
58
71
27
107
90
174
40
119
165
8
138
32
3
178
106
52
55
179
91
196
169
187
81
17
157
31
13
85
188
56
113
171
88
16
44
25
78
168
145
82
129
172
167
111
33
37
148
124
12
130
94
189
19
152
74
125
87
1
101
150
26
100
99
121
182
136
53
158
180
173
6
194
161
24
29
156
126
112
