17
157
168
78
145
91
179
92
82
129
55
52
106
178
3
32
138
14
132
73
64
114
15
144
155
49
102
61
62
9
37
33
167
111
12
130
124
94
80
176
66
51
109
141
137
23
76
89
183
153
0
170
117
93
140
36
67
163
108
69
18
20
22
146
103
34
30
54
177
10
190
104
147
48
160
192
42
5
96
41
193
159
142
191
139
110
68
46
198
115
60
118
72
59
116
65
47
105
77
166
28
184
11
131
149
24
126
112
156
29
127
70
6
154
180
173
194
161
162
133
63
182
136
158
53
121
99
189
19
152
74
125
87
1
97
26
100
101
150
120
44
25
16
88
171
113
56
13
31
85
188
98
81
187
174
90
107
27
71
58
164
7
95
39
165
8
185
119
40
169
196
