39
90
107
27
71
58
164
7
21
132
73
64
114
186
23
76
89
183
153
0
170
117
93
140
36
163
67
108
69
18
20
22
146
103
34
30
54
147
48
160
192
42
5
96
41
193
159
142
110
191
139
198
46
60
141
66
51
109
72
118
59
116
105
65
47
77
149
131
166
28
184
11
177
10
190
4
112
126
156
29
24
161
194
6
173
180
158
53
136
182
121
99
100
26
150
101
1
87
125
74
152
19
189
94
130
12
124
111
167
148
37
33
9
62
61
102
49
144
155
14
138
32
3
178
106
52
55
57
92
82
120
44
25
78
145
179
91
168
31
13
56
16
88
171
113
50
188
157
17
196
169
81
187
174
119
40
185
8
165
