170
143
183
89
76
23
186
114
64
73
132
21
7
164
58
71
27
107
90
174
187
81
169
196
17
157
188
50
113
171
88
16
56
13
31
168
91
179
145
78
25
44
120
150
101
26
100
121
99
189
19
97
1
152
74
125
87
2
82
92
57
55
52
178
3
106
185
40
119
8
165
39
138
32
14
144
155
49
102
61
62
9
33
37
148
167
111
124
12
130
94
80
176
66
141
60
109
51
72
118
59
115
198
46
68
110
139
191
142
159
193
41
96
5
42
43
105
116
65
47
77
166
28
184
11
131
149
24
161
194
173
180
136
53
158
154
6
70
127
29
156
126
112
4
190
10
177
104
147
54
30
48
160
192
181
103
146
22
20
18
69
108
163
67
36
140
93
117
0
