107
90
174
187
81
17
157
188
56
113
171
88
16
13
31
168
145
78
25
44
120
150
101
100
26
97
1
87
125
74
152
19
189
94
124
130
12
63
173
180
136
182
99
121
53
158
154
6
194
127
29
156
126
112
4
190
10
177
104
147
54
30
48
34
103
146
22
20
18
69
108
67
163
36
140
93
117
170
0
68
46
198
139
191
110
159
193
41
96
5
42
192
160
28
184
11
166
149
131
77
105
47
65
116
59
118
72
51
109
60
141
66
176
137
23
76
183
89
83
114
64
73
132
144
155
49
102
61
62
9
33
37
148
111
167
172
129
82
92
57
55
52
179
91
196
169
40
119
185
106
178
3
32
138
8
165
39
95
7
164
58
71
27
