194
6
173
180
158
53
136
182
121
99
100
26
150
101
1
97
189
19
152
74
125
87
2
82
120
44
25
16
88
171
113
56
188
85
13
31
78
145
179
91
168
157
17
196
81
187
174
169
40
119
185
8
165
39
90
107
27
71
58
164
7
21
138
14
155
144
102
49
32
3
178
106
52
55
128
167
111
148
37
33
9
62
61
15
64
114
83
89
183
76
23
137
141
60
0
170
117
93
140
68
46
198
115
96
41
193
159
142
191
139
110
163
67
108
69
18
20
22
146
103
181
192
160
48
30
54
147
104
177
10
190
4
84
11
184
28
166
131
149
77
105
47
65
116
59
118
72
109
51
66
176
12
130
124
94
63
133
162
161
24
112
126
156
29
127
