92
82
120
44
25
16
88
171
113
56
188
85
13
31
157
168
78
145
179
91
169
196
81
187
174
119
40
185
8
165
39
90
107
27
71
58
164
7
21
132
73
64
114
186
23
76
89
183
143
170
0
46
198
139
191
110
68
93
140
36
163
67
108
69
18
199
41
193
159
195
146
103
181
192
160
48
30
54
147
104
177
10
190
4
112
126
156
29
127
70
6
154
180
173
194
161
24
149
131
47
65
116
105
77
166
11
184
28
42
5
96
115
59
118
72
51
109
60
141
66
176
63
182
136
158
53
121
99
100
26
150
101
1
87
125
74
152
19
189
94
130
12
124
111
167
148
37
33
9
62
61
102
49
144
155
14
138
32
3
178
106
52
55
57
