150
2
82
120
44
25
16
88
171
113
56
188
85
13
31
157
168
78
145
179
91
169
196
81
187
174
90
107
27
71
58
164
7
95
39
165
119
40
185
8
138
32
3
178
106
52
55
128
167
111
148
37
33
9
62
61
102
49
155
144
132
73
64
114
186
23
76
89
183
153
0
170
117
93
140
36
67
108
69
163
68
46
198
139
191
110
142
159
193
41
96
115
60
141
66
51
109
72
118
59
116
105
65
47
149
131
77
28
166
11
184
160
192
181
146
103
34
48
30
54
147
104
177
10
190
4
112
126
156
29
24
123
127
70
6
154
158
53
121
99
182
136
180
173
194
161
162
133
63
130
12
124
94
189
19
152
74
125
87
97
26
100
1
101
