150
101
1
87
125
74
152
97
26
100
121
99
189
19
94
124
12
130
63
133
151
72
59
118
60
141
109
51
66
176
148
37
33
111
167
172
129
82
120
44
25
92
57
55
52
106
178
3
8
165
119
40
185
169
196
91
179
145
78
168
31
13
56
16
88
171
113
50
188
157
17
81
187
174
90
107
27
58
164
7
21
132
144
138
32
14
155
49
102
62
9
61
15
64
114
186
23
76
89
183
153
0
170
117
93
140
36
67
163
110
191
139
68
46
198
115
96
41
193
159
199
69
108
18
20
22
146
103
181
192
160
48
30
54
147
104
177
10
190
4
112
156
29
126
35
11
184
28
166
77
105
116
65
47
131
149
24
161
194
6
173
180
158
53
136
182
