125
120
67
71
147
192
150
6
188
65
169
132
161
70
3
15
145
13
126
195
168
43
2
85
98
51
116
121
112
19
158
118
74
182
138
11
49
33
160
144
56
104
8
68
111
41
37
35
0
12
39
29
109
69
189
167
155
184
53
152
170
34
55
18
62
124
128
110
86
185
22
130
95
174
183
140
199
4
149
101
28
59
20
23
60
148
47
154
94
66
57
172
179
52
166
176
180
88
194
76
75
137
114
26
103
127
165
89
163
186
153
119
159
143
14
50
82
58
77
97
141
91
79
61
7
177
21
87
171
25
123
5
45
142
78
175
162
46
80
190
105
136
73
164
193
31
54
151
117
198
30
42
156
24
1
197
16
27
38
102
32
96
63
100
17
44
133
10
178
191
90
