2
139
11
182
138
49
33
160
144
56
104
8
87
82
68
111
41
37
35
0
12
39
29
109
69
167
189
15
145
195
126
13
132
169
188
65
161
70
3
84
155
184
53
152
170
34
55
18
62
83
174
183
140
199
4
149
101
28
59
20
23
60
148
47
154
94
66
57
172
52
179
22
185
95
86
110
128
64
176
180
88
194
166
48
76
75
137
114
26
103
127
165
89
163
186
153
129
106
124
143
159
119
81
14
50
58
77
97
141
91
79
61
7
5
45
142
78
175
162
46
80
190
105
136
173
123
177
171
25
158
116
121
112
19
151
54
73
164
31
193
117
198
30
42
156
24
1
197
16
27
38
102
32
96
63
100
17
44
133
10
178
115
147
192
150
71
67
120
191
90
125
51
98
118
74
85
