138
11
49
33
160
39
29
12
0
109
35
143
159
119
106
124
128
62
18
55
181
95
130
22
185
86
110
64
176
180
88
194
113
26
103
163
89
165
127
114
137
75
76
48
166
52
179
172
57
66
94
154
47
148
60
23
20
59
28
101
149
4
199
140
183
174
53
152
170
34
69
189
167
184
155
84
70
161
3
15
145
195
126
13
132
169
65
188
6
150
192
147
71
67
120
51
125
90
191
178
10
133
44
17
100
63
96
32
102
38
27
16
197
1
24
156
42
196
105
136
190
80
46
162
175
78
142
45
5
123
177
7
61
79
91
87
82
58
77
97
186
153
81
14
41
111
68
8
56
104
157
171
25
173
73
164
54
31
193
117
30
198
151
19
112
121
116
98
118
74
85
2
139
182
