150
6
188
65
169
132
126
13
145
15
161
70
3
84
155
189
167
184
53
152
170
34
55
174
183
140
199
4
149
101
28
59
20
23
60
148
47
154
94
66
57
172
52
179
22
185
95
181
83
18
62
124
128
110
86
176
180
88
194
166
48
76
75
137
114
26
103
89
127
165
163
186
153
97
77
58
91
79
61
21
87
82
8
104
56
144
68
111
41
14
81
119
159
143
35
109
0
12
29
39
160
33
49
138
182
11
139
2
85
74
118
98
116
121
112
19
158
25
171
123
177
7
5
45
142
78
175
162
46
80
190
105
136
73
164
193
31
54
151
117
198
30
42
156
24
1
197
16
27
38
102
32
96
63
100
17
44
133
10
178
191
90
125
51
120
67
71
147
192
