146
97
77
58
50
14
81
153
186
163
89
103
26
113
180
176
88
194
86
110
128
62
124
106
119
159
143
35
109
0
29
39
12
37
41
111
68
8
104
56
144
160
33
49
11
139
2
85
74
118
158
25
182
138
157
171
87
82
91
79
61
7
177
123
5
45
142
78
175
162
46
80
190
105
136
19
112
151
54
31
73
164
193
117
198
30
196
42
156
24
1
197
16
27
38
102
32
96
63
100
17
44
133
10
178
191
90
125
131
121
116
98
51
120
67
71
147
192
150
6
188
65
169
132
13
126
195
145
15
161
70
3
189
167
155
184
53
152
170
34
55
174
183
140
199
4
149
101
28
59
20
23
60
148
47
154
94
66
57
22
179
172
52
166
48
76
75
137
114
127
165
187
