105
190
80
196
42
30
193
31
164
73
54
151
117
198
156
24
1
197
16
27
38
102
32
96
63
100
17
44
133
10
178
115
147
192
150
6
85
2
43
168
195
126
169
188
65
132
13
145
15
3
161
70
84
155
189
167
184
53
152
170
34
55
18
62
83
174
183
140
199
4
149
101
28
59
20
23
60
148
47
154
94
66
57
172
52
179
22
185
95
86
110
128
64
176
180
88
194
166
48
76
75
137
114
26
103
127
165
89
163
186
153
97
77
58
82
87
91
79
61
7
78
175
142
46
162
45
5
177
123
25
171
157
104
56
8
68
111
41
14
81
119
106
124
143
159
37
35
109
0
12
29
39
160
33
49
11
138
182
74
118
98
51
120
67
71
191
90
125
131
121
112
19
173
136
