10
133
44
17
100
63
96
32
102
38
27
16
197
1
24
156
42
30
198
117
151
54
31
193
164
73
136
105
190
80
46
162
175
78
142
45
5
7
61
79
91
87
58
82
68
8
104
56
144
160
33
49
29
39
12
0
109
35
37
41
111
50
14
81
77
97
153
186
119
159
143
129
163
165
127
89
103
26
180
176
88
113
114
137
75
76
194
166
52
172
57
154
94
66
179
22
185
95
9
148
60
23
20
59
28
101
149
4
199
140
183
174
181
110
128
124
62
18
55
34
170
152
53
184
167
189
155
84
70
161
3
15
145
195
126
13
132
169
65
188
6
150
192
85
2
139
11
182
138
157
171
177
123
25
158
19
112
121
116
98
51
120
67
71
125
90
191
178
