141
97
77
58
50
111
41
14
81
143
159
119
153
186
129
163
89
165
127
103
26
114
137
75
76
194
88
180
176
166
52
179
172
57
66
94
154
47
148
60
23
20
59
28
101
149
4
199
140
183
174
95
130
22
185
86
110
128
124
62
18
55
34
170
152
53
184
155
167
189
145
15
3
70
161
13
126
132
169
65
188
6
150
192
147
71
67
120
51
125
90
191
178
10
133
44
17
100
63
102
32
135
131
121
112
19
151
54
31
164
73
136
105
193
117
198
30
156
24
1
197
16
38
27
42
196
190
80
46
162
175
78
142
45
5
7
177
123
171
25
158
116
98
118
74
85
2
182
138
11
49
29
109
35
0
12
39
160
33
144
56
104
8
68
82
87
21
61
79
91
