95
9
199
59
28
101
149
4
140
183
174
55
34
170
53
184
155
167
189
69
29
39
12
0
109
35
143
159
119
81
14
41
111
68
8
56
104
171
157
33
160
49
11
138
182
25
158
116
121
131
125
90
191
71
67
120
51
98
118
74
85
2
43
168
195
126
13
145
15
3
70
161
132
169
65
188
6
150
192
147
115
178
10
133
44
17
100
63
96
32
102
38
27
16
197
1
24
151
112
19
73
164
54
31
193
117
198
30
156
42
196
105
136
190
80
46
162
175
78
142
45
5
123
177
7
61
79
91
87
82
58
77
97
153
186
163
165
127
89
103
26
114
137
75
76
48
166
194
88
180
176
64
124
62
128
110
86
185
179
52
172
57
66
94
154
47
60
23
148
22
130
