13
161
70
3
15
145
29
39
12
0
35
109
69
189
167
155
184
53
152
170
34
55
174
183
9
199
140
4
149
101
28
59
20
23
60
148
47
154
94
66
57
172
52
179
22
185
95
86
110
128
62
124
143
159
119
180
176
88
194
166
48
76
75
137
114
26
103
127
165
89
163
186
153
97
77
81
14
41
50
58
82
8
68
111
144
56
104
157
182
138
33
160
49
11
139
2
85
74
118
98
51
120
67
71
191
90
125
131
19
112
121
116
158
25
123
177
171
87
91
79
61
7
5
45
142
78
175
162
46
80
190
105
136
73
164
193
31
54
151
117
198
30
42
156
24
1
197
16
27
38
102
32
96
63
100
17
44
133
10
178
115
147
192
150
6
188
65
169
132
126
