184
53
152
170
34
55
174
183
140
199
4
149
101
28
59
20
23
60
148
47
154
94
66
57
172
52
179
22
185
95
181
83
18
62
128
110
86
176
180
88
194
166
48
76
75
137
114
26
103
127
165
89
163
186
153
129
106
124
143
159
119
81
14
50
58
77
97
141
91
79
61
7
5
45
142
78
175
162
46
80
190
105
136
73
164
193
31
54
151
117
198
30
196
42
156
24
1
197
16
27
38
102
63
100
17
44
133
10
178
115
147
192
150
6
188
65
169
132
161
70
3
15
145
13
126
195
168
43
2
85
74
118
98
51
120
67
71
191
90
125
131
121
112
19
158
25
123
177
171
157
138
182
139
11
49
33
160
144
56
104
8
87
82
68
111
41
37
35
109
0
12
39
29
69
189
167
155
