75
137
114
26
103
127
165
89
163
186
153
119
159
143
14
50
82
87
58
77
97
141
91
79
61
7
177
5
45
142
78
175
162
46
80
190
105
196
42
156
24
1
197
16
27
38
102
32
96
63
100
17
44
133
10
178
90
191
71
67
120
51
125
131
121
112
19
151
198
30
117
193
54
31
164
73
136
173
123
25
158
116
98
118
74
2
85
192
150
6
188
65
169
132
161
70
3
15
145
13
126
195
168
139
11
49
160
33
138
182
157
171
104
56
8
68
111
41
37
35
109
0
12
39
29
69
189
167
155
184
53
152
170
34
55
174
183
9
199
140
4
149
101
28
59
20
23
60
148
47
154
94
66
57
172
52
179
22
185
95
181
83
18
62
124
128
110
86
176
180
88
194
166
48
76
