113
26
103
163
89
165
127
114
137
75
76
48
166
52
172
179
185
95
130
22
57
66
94
154
47
148
60
23
20
59
28
101
149
4
140
199
9
183
174
181
110
128
124
106
119
159
143
62
18
55
34
170
152
53
184
167
189
155
84
70
161
3
15
145
195
126
13
132
169
65
188
6
150
192
85
2
139
11
182
138
33
49
29
109
35
0
12
39
160
144
56
104
8
68
82
87
171
177
123
25
158
19
112
121
116
98
51
120
67
71
191
125
90
178
10
133
44
17
100
63
96
32
102
38
27
16
197
1
24
156
42
196
30
198
117
193
151
54
31
164
73
136
105
190
80
46
162
175
78
142
45
5
7
61
79
91
141
97
77
58
50
111
41
14
81
153
186
129
180
176
88
194
