164
73
31
54
151
117
198
30
156
42
196
190
80
46
162
175
78
142
45
5
177
7
61
79
91
141
97
77
81
14
50
58
87
82
68
8
56
104
171
157
138
182
139
11
49
33
160
39
29
12
0
109
35
37
111
41
143
159
119
153
186
163
165
127
89
103
26
180
176
88
113
114
137
75
76
194
166
52
179
172
57
66
94
154
47
148
60
23
20
59
28
101
149
4
199
140
183
174
95
130
22
185
86
110
128
124
62
18
55
34
170
152
53
184
167
189
155
84
70
161
3
15
145
195
126
13
132
169
65
188
6
150
192
147
71
67
98
51
125
90
191
178
10
133
44
17
100
63
96
32
102
38
27
16
197
1
24
131
19
112
121
116
158
25
123
173
136
105
193
