137
127
165
89
163
186
153
119
159
143
14
50
111
41
37
35
109
0
12
29
39
160
33
49
11
138
182
25
123
177
171
157
104
56
144
68
8
87
82
58
77
97
141
91
79
61
7
5
45
142
78
175
162
46
80
190
105
136
73
164
193
31
54
151
117
198
30
42
156
24
1
197
16
27
38
102
32
96
63
100
17
44
133
10
178
191
90
125
131
19
112
121
116
118
74
2
85
98
51
120
67
71
147
192
150
6
188
65
169
132
13
126
195
145
15
3
161
70
84
155
189
167
184
53
152
170
34
55
174
183
140
199
4
149
101
28
59
20
23
60
148
154
94
66
57
172
52
179
22
95
181
83
18
62
124
128
110
86
166
194
88
176
180
26
103
114
