134
18
69
108
67
163
36
140
93
117
170
143
153
0
46
198
139
191
110
142
193
41
96
5
42
43
77
105
116
65
47
131
149
24
123
127
194
135
6
154
180
173
158
53
136
182
121
99
189
19
97
1
101
150
75
86
100
26
152
74
125
87
2
129
82
120
44
25
78
145
168
38
31
85
188
50
56
13
113
175
171
88
16
157
17
196
169
174
187
81
98
91
179
92
57
55
52
106
178
3
32
138
14
155
144
102
49
62
9
61
15
64
114
83
186
23
76
89
183
137
66
141
51
109
118
59
72
151
45
162
161
133
79
122
63
80
176
130
12
124
94
111
167
128
33
37
148
172
185
40
119
8
165
39
95
58
164
7
21
132
73
71
27
107
90
70
29
156
126
112
4
84
35
11
166
28
184
147
104
177
10
190
54
30
48
160
192
181
195
146
103
22
159
199
20
68
115
197
60
34
