134
108
67
36
140
93
117
143
170
0
153
183
89
76
137
23
186
83
114
64
15
73
132
21
7
95
164
58
71
27
107
90
174
187
81
98
17
196
169
91
179
185
40
119
39
165
8
138
14
32
3
106
178
49
102
155
144
61
62
9
33
37
148
12
130
94
124
111
167
128
172
52
55
57
92
129
82
78
145
168
157
38
31
13
85
188
50
56
113
175
171
88
16
25
44
120
2
87
125
74
152
97
1
101
150
75
86
100
26
19
189
99
121
182
136
53
158
154
180
173
6
70
135
194
127
29
156
126
112
4
84
190
10
177
104
147
54
30
48
34
160
28
184
11
35
166
43
77
105
116
197
65
47
131
149
24
123
161
162
45
59
118
72
151
133
79
63
122
80
176
66
51
109
141
60
46
115
198
68
110
139
191
142
193
41
96
5
42
192
181
195
103
146
22
159
199
163
69
18
20
