100
63
92
38
27
16
197
156
42
30
193
105
190
80
46
162
175
78
142
45
136
173
112
158
25
123
177
171
157
104
8
87
61
79
91
58
77
97
146
187
165
127
89
103
26
194
166
86
185
52
172
57
154
47
148
23
60
94
66
179
22
130
95
9
199
59
28
101
149
4
140
174
55
152
53
184
155
189
167
69
34
18
62
124
143
159
119
88
176
180
163
186
153
81
14
41
50
82
68
56
144
12
0
35
109
29
39
160
33
49
11
138
182
168
195
145
15
3
70
161
13
132
65
188
150
192
6
169
126
43
2
85
74
118
98
67
71
191
90
125
51
116
121
19
73
31
54
151
117
198
24
1
102
32
122
44
133
178
10
17
