101
149
4
140
174
53
184
155
84
70
161
3
15
132
65
188
150
192
6
169
126
43
134
85
71
115
10
17
100
63
102
32
122
44
133
178
191
90
125
67
120
51
121
131
151
198
24
1
197
16
38
27
156
42
30
117
54
31
193
164
73
105
190
80
46
162
175
78
142
7
61
79
91
177
123
5
45
136
173
19
112
25
158
116
98
118
74
2
139
11
182
138
157
171
104
8
87
58
77
81
14
41
50
82
68
56
144
160
39
12
0
35
109
29
49
195
13
145
189
167
34
55
18
62
124
143
159
119
106
128
110
64
176
180
129
153
186
163
89
165
127
137
114
103
26
113
88
194
166
86
95
185
52
172
57
179
22
9
199
148
47
66
94
154
60
23
20
59
28
