13
161
70
3
15
145
195
49
29
109
35
0
12
39
160
144
56
68
82
50
41
14
81
153
186
163
180
176
88
119
159
143
124
62
18
34
69
167
189
155
184
53
152
55
174
140
4
149
101
28
59
199
9
95
130
22
179
66
94
60
23
148
47
154
57
172
52
185
86
166
194
26
103
89
127
165
187
146
97
77
58
87
8
104
171
157
138
182
11
139
2
74
118
98
116
158
25
112
19
173
136
45
5
123
177
91
79
61
7
142
78
175
162
46
80
190
105
73
164
193
31
54
117
30
42
156
27
38
16
197
1
24
198
151
131
121
51
120
67
125
90
191
178
133
44
122
32
102
63
100
17
10
115
71
85
134
43
126
169
6
192
150
188
65
132
