48
166
194
88
176
180
26
103
128
110
86
185
52
172
57
154
47
148
23
60
94
66
179
22
130
95
9
199
59
28
101
149
4
140
174
55
152
53
184
155
189
167
69
34
18
62
124
143
159
119
41
111
68
144
160
39
12
0
35
109
29
49
11
139
168
195
145
15
3
70
161
13
132
65
188
150
192
6
169
126
43
134
85
2
67
71
115
10
17
100
63
102
32
122
44
133
178
191
90
125
51
98
116
121
112
19
151
198
24
1
197
16
38
27
156
42
30
117
54
31
193
164
73
105
190
80
46
162
175
78
142
7
177
123
5
45
136
173
25
182
138
33
56
104
157
171
8
87
82
58
61
79
91
141
97
77
50
14
81
153
186
163
89
165
127
137
75
76
