87
8
171
157
104
56
144
33
138
182
139
11
49
160
39
29
12
0
109
35
37
41
143
159
119
153
186
163
180
176
88
64
124
62
18
34
69
167
189
155
184
53
152
55
174
140
4
149
101
28
59
199
9
95
130
22
179
66
94
60
23
148
47
154
57
172
52
185
86
166
194
26
103
89
127
165
187
146
97
77
50
111
68
82
58
91
79
61
7
78
175
142
46
162
80
190
105
193
30
42
156
27
38
16
197
1
24
198
117
151
54
31
164
73
19
121
116
51
125
90
191
178
133
44
122
32
102
63
100
17
10
115
71
67
98
118
74
85
192
150
6
188
65
169
126
13
161
70
3
15
145
195
168
43
2
25
158
112
173
136
45
5
123
177
21
