156
27
38
16
197
1
24
198
117
151
54
31
73
19
121
116
51
125
90
191
178
133
44
122
32
102
63
100
17
10
115
71
67
98
118
74
85
2
43
126
169
6
192
150
188
65
132
13
161
70
3
15
145
195
168
182
138
11
49
33
160
39
29
109
35
0
12
144
56
68
82
50
41
14
81
153
186
163
180
176
88
119
159
143
124
62
18
34
69
167
189
155
184
53
152
55
174
140
4
149
101
28
59
199
9
95
130
22
179
66
94
60
23
148
47
154
57
172
52
185
86
166
194
26
103
89
127
165
187
146
97
77
58
91
79
61
87
8
104
157
171
177
123
25
158
112
173
136
45
142
78
175
162
46
80
190
105
193
30
42
