91
79
61
87
58
82
77
50
14
41
111
68
8
144
160
39
12
0
35
109
29
49
11
139
182
138
33
56
104
157
171
25
123
177
5
45
136
173
112
158
74
2
43
168
195
145
15
3
189
167
34
18
62
124
143
159
119
106
128
110
64
176
180
129
153
186
163
89
165
127
137
114
103
26
113
88
194
166
86
185
52
172
57
154
47
148
23
60
94
66
179
22
130
95
181
55
174
183
9
199
59
28
101
149
4
140
53
184
155
84
70
161
13
126
169
65
188
6
150
192
67
71
115
10
17
100
63
102
32
122
44
133
178
191
90
125
51
116
121
19
73
164
54
31
151
117
198
24
1
197
16
38
27
156
42
30
193
105
190
80
162
46
142
175
78
7
