91
7
78
175
142
46
162
80
190
105
193
30
42
156
27
38
16
197
1
24
198
117
151
54
31
164
73
19
121
116
51
125
90
191
178
133
44
122
32
102
63
100
17
10
115
71
67
192
150
6
188
65
169
126
13
161
70
84
155
184
53
140
4
149
101
28
59
199
9
183
174
55
181
95
130
22
179
66
94
60
23
148
47
154
57
172
52
185
86
166
194
88
113
26
103
114
137
127
165
89
163
186
153
129
180
176
64
110
128
106
119
159
143
124
62
18
34
167
189
3
15
145
195
168
43
2
74
158
112
173
136
45
5
177
123
25
171
157
104
56
33
138
182
139
11
49
29
109
35
0
12
39
160
144
8
68
111
41
14
50
77
82
58
87
61
79
