171
25
123
177
5
45
136
173
112
158
74
2
43
168
195
145
15
3
70
161
13
126
169
65
188
6
150
192
67
71
115
10
17
100
63
102
32
122
44
133
178
191
90
125
51
116
121
19
73
164
54
31
151
117
198
24
1
197
16
38
27
156
42
30
193
105
190
80
162
46
142
175
78
7
61
79
91
87
58
82
8
68
111
50
77
97
146
187
165
127
89
103
26
194
166
86
185
52
172
57
154
47
148
23
60
94
66
179
22
130
95
9
199
59
28
101
149
4
140
174
55
152
53
184
155
189
167
69
34
18
62
124
64
88
176
180
163
186
153
119
159
143
41
37
35
109
0
12
29
39
160
49
11
139
182
138
33
144
56
104
157
