9
22
179
57
172
52
185
95
86
166
194
88
113
26
103
114
137
127
165
89
163
186
153
129
180
176
64
110
128
106
119
159
143
124
62
18
55
34
167
189
145
13
195
49
29
109
35
0
12
39
160
144
56
68
82
50
41
14
81
77
58
87
8
104
171
157
138
182
11
139
2
74
118
98
116
158
25
112
19
173
136
45
5
123
177
91
79
61
7
142
78
175
162
46
80
190
105
73
164
193
31
54
117
30
42
156
27
38
16
197
1
24
198
151
131
121
51
120
67
125
90
191
178
133
44
122
32
102
63
100
17
10
115
71
85
134
43
126
169
6
192
150
188
65
132
15
3
161
70
84
155
184
53
174
140
4
149
101
28
59
20
23
60
154
94
66
47
148
199
