100
19
189
99
121
182
136
53
158
180
173
6
194
161
24
29
156
126
112
4
190
10
177
104
147
54
30
48
160
184
28
166
11
131
149
47
65
116
105
77
43
42
5
96
115
118
59
72
51
66
141
60
46
68
110
139
191
41
193
159
195
103
146
22
20
18
69
108
67
163
36
140
93
117
170
0
153
183
89
76
23
186
114
64
15
61
155
144
132
21
7
164
58
71
27
107
90
174
187
81
196
169
185
40
119
165
8
138
32
3
178
49
102
62
9
33
37
148
12
130
94
124
111
167
128
52
91
179
145
78
168
157
31
13
85
188
56
113
171
88
16
25
44
120
82
2
150
101
1
87
125
74
152
97
26
