42
5
96
41
193
159
142
110
191
139
198
46
60
109
51
141
66
176
130
12
148
37
33
167
111
124
94
63
133
151
72
118
59
116
65
47
105
77
166
28
184
11
84
4
112
126
156
29
24
131
149
161
194
6
173
180
158
53
136
182
121
99
189
19
100
26
101
150
1
97
152
74
125
87
2
120
44
82
92
57
55
52
91
179
145
168
78
16
88
171
113
56
188
85
13
31
157
17
196
81
187
174
169
40
119
185
8
165
39
90
107
27
71
58
164
7
21
138
32
3
178
49
102
62
9
61
155
144
132
73
64
114
186
23
76
89
183
153
0
170
117
93
140
36
163
67
108
69
18
20
22
146
103
34
30
54
177
10
190
104
147
48
160
192
