63
182
136
53
158
180
173
6
194
161
24
29
156
126
112
4
84
11
166
28
184
190
10
177
104
147
54
30
48
160
192
181
103
146
22
20
18
69
108
67
163
110
139
191
142
159
193
41
96
5
42
43
77
131
149
47
65
105
116
115
198
46
68
140
93
117
170
0
153
183
89
76
23
186
114
64
15
61
62
9
33
37
148
111
167
128
49
178
3
32
138
14
155
144
132
21
7
164
58
71
27
107
90
39
165
8
185
119
40
174
187
81
169
196
17
157
188
56
113
171
88
16
13
31
168
91
179
145
78
25
44
120
82
92
57
55
52
172
87
125
74
152
97
1
150
101
26
100
121
99
189
19
94
124
130
12
176
66
141
51
109
60
118
59
72
151
133
