195
96
5
42
43
166
28
184
11
131
149
77
47
65
105
116
59
118
109
51
72
151
133
63
94
124
130
12
176
66
141
60
46
198
139
110
191
41
193
159
199
18
69
108
67
163
36
140
93
117
170
0
153
183
89
76
23
186
114
64
15
61
9
62
102
49
32
138
14
155
144
132
21
7
164
58
71
27
107
90
39
165
8
185
119
40
174
187
81
196
169
91
179
145
78
168
157
31
13
85
188
56
113
171
88
16
25
44
120
82
92
57
55
52
106
178
3
33
37
148
111
167
87
125
74
152
19
189
97
1
150
101
26
100
99
121
182
136
53
158
180
173
6
194
161
24
29
156
126
112
4
190
10
177
104
147
54
30
48
160
192
103
146
