16
168
91
179
145
78
25
44
120
82
92
57
55
52
172
87
125
74
152
97
1
150
101
26
100
19
189
99
121
182
136
53
158
180
173
6
194
161
162
72
151
133
63
94
124
130
12
176
66
141
51
109
59
118
60
46
68
110
142
159
193
41
191
139
198
115
116
65
47
105
77
131
149
24
35
11
166
28
184
84
126
29
156
112
4
190
10
177
104
147
54
30
48
160
192
42
5
96
181
103
146
22
20
18
69
108
67
163
36
140
93
117
170
0
153
183
89
76
23
186
114
64
15
148
111
167
33
37
9
62
61
102
49
178
3
32
138
14
155
144
132
21
7
164
58
71
27
107
90
39
165
8
185
119
40
169
196
174
187
81
17
157
31
13
85
188
56
113
171
88
