3
32
138
49
102
62
9
61
155
144
132
73
64
114
186
23
76
89
183
153
0
170
117
93
140
68
46
198
139
110
191
41
193
159
163
67
108
69
18
20
22
146
103
181
192
160
48
30
54
147
104
177
10
190
184
28
166
11
84
4
112
126
156
29
24
149
131
77
47
65
116
105
43
42
5
96
115
59
72
118
60
109
51
141
66
176
151
161
194
6
173
180
158
53
136
182
121
99
100
26
97
1
152
74
125
87
150
101
19
94
130
12
124
111
148
37
33
167
52
55
57
92
82
120
44
25
78
145
179
91
168
16
88
171
113
56
188
85
13
31
157
17
196
169
81
187
174
90
107
27
71
58
164
7
95
39
165
8
119
40
185
106
178
