133
80
176
66
141
51
109
60
118
72
59
115
96
5
42
43
77
105
116
65
47
149
131
166
28
184
11
35
126
29
156
112
4
190
10
177
104
147
54
30
48
160
192
181
103
146
195
159
199
69
108
67
163
142
193
41
191
110
139
198
46
68
140
93
117
170
0
153
183
89
76
23
186
114
64
15
61
155
144
132
21
7
164
58
71
27
107
90
39
165
8
185
119
40
174
187
81
169
196
17
157
31
13
85
188
56
113
171
88
16
168
91
179
145
78
25
44
120
82
2
87
129
92
57
55
52
106
178
3
32
138
49
102
62
9
33
37
148
167
111
124
12
130
94
189
19
152
74
97
1
150
101
26
100
99
121
182
136
53
158
180
173
6
194
161
162
