165
39
138
32
3
178
33
37
148
111
167
52
55
57
92
82
44
120
2
87
150
101
100
26
97
1
74
152
19
189
99
121
182
136
53
158
180
173
6
194
161
24
29
156
126
112
4
84
11
166
131
149
47
65
116
105
77
43
96
5
42
28
184
190
10
177
104
147
54
30
48
160
192
181
103
146
22
20
18
69
108
67
163
159
193
41
191
110
139
198
115
118
59
72
151
133
63
94
124
130
12
176
66
141
51
109
60
46
68
140
93
117
170
0
153
183
89
76
23
186
114
64
15
61
9
62
102
49
155
144
132
21
7
164
58
71
27
107
90
174
187
81
17
157
188
85
31
13
56
113
171
88
16
78
168
145
179
91
196
169
40
119
185
8
