76
23
137
176
66
51
109
141
60
118
59
72
151
133
63
94
130
12
124
111
148
37
33
15
114
64
61
9
62
102
49
128
167
52
55
179
91
185
40
119
8
165
39
138
178
3
32
14
155
144
132
21
7
164
58
71
27
107
90
174
187
81
169
196
17
157
31
13
85
188
56
113
171
88
16
168
145
78
25
44
120
82
2
87
125
74
152
97
1
150
101
26
100
19
189
99
121
182
136
53
158
180
173
6
194
127
29
156
24
149
131
47
65
105
116
115
198
46
68
110
139
191
142
159
193
41
96
5
42
43
77
166
28
184
11
84
4
190
10
177
104
147
54
30
48
160
192
181
103
146
22
20
18
69
108
67
163
36
140
93
117
170
0
153
183
89
