12
176
66
141
51
109
60
118
59
116
65
47
105
77
166
28
184
11
131
149
72
162
161
194
173
180
154
6
70
127
123
24
29
156
126
112
4
190
10
177
104
147
54
30
48
160
192
181
103
146
22
20
18
69
108
67
163
159
193
41
96
115
191
110
139
198
46
68
140
93
117
170
0
153
183
89
76
23
186
114
64
15
61
9
62
102
49
32
138
14
155
144
132
21
7
164
58
71
27
107
90
39
165
8
185
119
40
174
187
81
169
196
17
157
31
13
85
188
56
113
171
88
16
168
91
179
145
78
25
44
120
82
92
57
55
52
106
178
3
33
37
148
111
167
152
74
125
87
150
101
1
97
26
100
19
189
99
121
53
158
136
182
63
94
124
130
