25
78
145
168
16
88
171
113
56
188
85
13
31
157
17
81
187
174
169
196
91
179
185
40
119
8
165
39
90
107
27
71
58
164
7
21
138
32
3
178
49
102
62
9
61
155
144
132
73
64
114
186
23
76
89
183
153
0
170
117
46
60
118
59
149
131
11
184
28
166
77
105
47
65
116
96
41
193
159
142
191
139
110
68
93
140
36
163
67
108
69
18
20
22
146
103
181
192
160
48
30
54
147
104
177
10
190
4
112
126
156
29
24
123
127
70
6
194
161
162
72
109
51
141
66
176
80
133
173
180
158
53
136
182
121
99
100
26
101
150
1
87
125
74
152
19
189
94
124
130
12
148
37
33
111
167
128
52
55
57
92
82
120
44
