46
60
118
59
109
51
72
162
161
133
80
176
66
141
0
170
143
183
89
76
23
186
114
64
15
61
9
62
102
49
178
3
32
138
14
155
144
132
21
7
164
58
71
27
107
90
39
165
8
185
119
40
169
174
187
81
196
17
157
31
13
85
188
56
113
171
88
16
25
44
120
82
78
168
145
179
91
52
128
167
33
37
148
111
124
12
130
94
189
19
152
74
125
87
150
101
1
97
26
100
99
121
182
136
53
158
180
173
6
194
123
24
29
156
126
112
4
190
10
177
104
147
54
30
48
160
192
181
103
146
22
20
18
69
108
67
163
36
140
93
68
110
139
191
142
159
193
41
96
5
42
28
184
11
166
131
149
77
47
65
105
116
115
198
