131
77
166
28
184
11
84
4
190
10
177
104
147
54
30
48
160
192
181
103
146
195
159
199
18
69
108
67
163
36
140
93
117
170
0
153
183
89
76
23
186
114
64
15
61
62
9
33
37
148
12
130
94
124
111
167
128
55
52
106
178
3
32
138
14
155
144
132
21
7
164
71
27
107
90
165
8
185
119
40
174
187
81
196
169
91
179
145
78
168
157
31
13
85
188
56
113
171
88
16
25
44
120
82
2
87
125
74
152
97
1
150
101
26
100
19
189
99
121
182
136
53
158
180
173
6
194
127
29
156
126
112
24
161
162
133
80
176
66
141
60
109
51
72
59
118
115
198
46
68
110
139
191
193
41
96
5
42
43
105
116
65
47
149
