169
174
187
81
17
157
31
13
85
188
56
113
171
88
16
168
145
78
25
44
120
82
2
87
125
74
152
97
1
150
101
26
100
19
189
99
121
182
136
53
158
180
173
6
194
127
29
156
126
112
4
190
10
177
104
147
54
30
48
160
192
181
103
146
22
20
18
69
108
67
163
36
140
93
68
110
139
191
142
159
193
41
96
5
42
28
184
11
166
77
105
116
65
47
131
149
24
161
162
133
63
94
124
130
12
176
66
141
51
109
60
118
72
59
115
198
46
0
170
143
183
89
76
23
186
114
64
73
132
144
155
61
9
62
102
49
32
138
21
7
164
58
71
27
107
90
39
165
8
119
40
185
106
3
178
52
55
128
33
37
148
111
167
172
92
179
91
196
