26
100
53
158
180
173
6
194
123
24
29
156
126
112
4
84
11
166
28
184
190
10
177
104
147
54
30
48
160
192
181
103
146
22
20
18
69
108
67
163
36
140
93
117
170
0
68
46
198
139
191
110
142
159
193
41
96
5
42
43
77
131
149
47
65
105
116
59
118
72
162
161
151
51
109
60
141
66
176
137
23
76
183
89
83
114
64
73
132
144
155
61
9
62
102
49
178
3
32
138
21
7
164
58
71
27
107
90
39
165
8
185
119
40
169
174
187
81
196
17
157
31
13
85
188
56
113
171
88
16
168
91
179
145
78
25
44
120
82
92
57
55
52
167
33
37
148
111
124
12
130
94
63
136
182
121
99
189
19
152
74
125
87
1
150
101
