182
121
99
189
19
97
1
152
74
125
87
150
101
26
100
53
158
180
173
6
194
161
24
29
156
126
112
4
190
10
177
184
28
166
11
131
149
77
47
65
105
116
59
118
72
51
66
141
109
60
46
68
110
191
139
198
115
193
41
96
5
42
192
160
48
147
54
30
34
103
146
22
20
18
69
108
67
163
36
140
93
117
170
0
153
183
89
76
23
186
114
64
15
148
37
33
9
62
61
102
49
178
3
32
138
14
155
144
132
21
7
164
58
71
27
107
90
39
165
8
119
40
185
179
91
196
169
174
187
81
17
157
168
145
78
31
13
85
188
56
113
171
88
16
25
44
120
82
92
57
55
52
128
167
111
124
12
130
94
63
136
