151
45
162
161
133
63
94
130
12
124
111
167
148
37
33
9
62
61
102
49
178
3
32
138
14
155
144
132
21
7
164
58
71
27
107
90
39
165
8
185
119
40
169
196
174
187
81
17
157
31
13
85
188
56
113
171
88
16
78
168
145
179
91
52
55
57
92
82
44
120
2
87
125
74
152
97
1
150
101
26
100
19
189
99
121
182
136
53
158
180
173
6
194
127
29
156
24
149
131
47
65
116
105
77
166
28
184
11
84
4
190
10
177
104
147
54
30
48
160
192
42
5
96
115
118
59
72
51
109
60
46
198
139
110
191
41
193
159
195
103
146
22
20
18
69
108
67
163
36
140
93
117
170
0
153
183
89
83
64
114
186
23
137
141
66
176
