186
114
64
83
89
183
153
0
170
117
93
140
68
46
198
115
96
41
193
159
142
191
139
110
163
67
108
69
18
20
22
146
103
181
192
160
48
30
54
147
104
177
10
190
4
112
156
29
126
35
11
184
28
166
77
105
116
65
47
131
149
24
161
194
6
173
180
158
53
136
182
121
99
100
26
101
150
1
97
189
19
152
74
125
87
2
82
120
44
25
78
145
168
16
88
171
113
56
188
85
13
31
157
17
81
187
174
169
196
91
179
185
40
119
8
165
39
90
107
27
71
58
164
7
21
132
144
155
102
49
138
32
3
178
106
52
55
167
128
62
61
9
33
37
148
111
124
12
130
94
63
133
151
72
59
118
60
141
109
51
66
137
23
