118
109
51
66
141
60
46
198
139
191
110
142
159
193
41
96
5
42
192
160
48
147
104
190
10
177
54
30
34
103
146
22
20
18
69
108
67
163
36
140
93
117
170
0
153
183
89
76
23
186
114
64
73
132
144
155
14
138
21
7
164
58
71
27
107
90
39
165
8
185
119
40
174
187
81
169
196
17
157
31
13
85
188
56
113
171
88
16
168
91
179
145
78
25
44
120
82
92
57
55
52
106
178
3
32
49
102
61
62
9
33
37
148
111
167
152
74
125
87
1
150
101
26
100
121
99
189
19
94
124
12
130
63
182
136
53
158
180
173
6
194
127
29
156
126
112
4
84
11
184
28
166
77
105
116
65
47
131
149
24
161
162
72
59
